189 2
12 96
71 120
94 100
183 183
165 141
120 115
63 50
144 102
173 63
6 132
94 85
60 108
111 188
84 23
41 126
98 113
26 166
137 6
150 47
18 101
80 18
24 86
30 47
114 41
100 127
148 142
49 58
199 129
103 13
160 48
11 83
153 72
71 80
106 62
174 173
97 105
29 0
134 145
21 2
146 165
58 135
99 124
71 65
96 77
158 93
143 28
119 26
75 25
64 2
142 146
3 139
126 60
34 133
141 26
9 164
86 198
82 105
55 62
18 178
92 186
25 91
149 38
10 14
194 131
130 81
76 180
41 138
34 31
75 98
38 135
117 139
121 32
150 166
116 37
83 87
87 70
131 121
149 30
76 77
166 181
105 162
1 161
158 44
165 54
183 68
158 187
23 141
53 133
159 31
145 48
113 128
98 186
76 88
186 94
27 195
67 145
149 72
61 135
149 4
96 194
7 10
67 113
81 182
16 51
146 99
139 60
60 55
139 158
190 124
182 95
21 164
191 106
25 30
41 159
32 124
170 152
103 115
60 5
96 63
149 50
89 41
15 60
153 62
14 26
61 19
142 43
187 1
172 68
63 29
40 148
105 29
131 187
155 39
135 160
82 123
15 143
33 48
50 126
3 98
158 158
11 43
194 199
7 36
77 112
91 63
135 196
61 169
185 147
6 62
38 157
99 160
61 68
32 20
182 111
136 167
103 59
96 15
5 103
161 173
152 168
165 124
127 136
145 155
58 84
90 144
68 135
90 19
152 172
76 92
71 69
127 83
113 4
65 82
74 115
45 162
131 159
110 125
187 94
122 16
85 113
1 68
4 175
61 151
51 0
196 122
54 170
18 45
197 19
186 54
195 95
194 178
97 141
42 179
179 20
34 170
165 127
136 64
58 108
170 185
