n = 100;
A = [
[0( == ), 2.82843, 5.38516, 7.07107, 7.81025, 5.38516, 3.60555, 5, 5.83095, 4.12311], 
 [2.82843, 0( == ), 8.06226, 7.61577, 8.06226, 5, 5, 3.60555, 5.83095, 2.23607], 
 [5.38516, 8.06226, 0( == ), 7, 8, 7.61577, 7.07107, 8.60233, 7.28011, 9.48683], 
 [7.07107, 7.61577, 7, 0( == ), 1, 3, 10.6301, 5, 2, 9.84886], 
 [7.81025, 8.06226, 8, 1, 0( == ), 3.16228, 11.4018, 5.09902, 2.23607, 10.2956], 
 [5.38516, 5, 7.61577, 3, 3.16228, 0( == ), 8.94427, 2, 1, 7.2111], 
 [3.60555, 5, 7.07107, 10.6301, 11.4018, 8.94427, 0( == ), 8.24621, 9.43398, 4.47214], 
 [5, 3.60555, 8.60233, 5, 5.09902, 2, 8.24621, 0( == ), 3, 5.65685], 
 [5.83095, 5.83095, 7.28011, 2, 2.23607, 1, 9.43398, 3, 0( == ), 8.06226], 
 [4.12311, 2.23607, 9.48683, 9.84886, 10.2956, 7.2111, 4.47214, 5.65685, 8.06226, 0( == )], 
 ]; 
 