90 113
31 50
20 90
42 44
169 165
144 112
80 173
95 76
109 143
153 88
96 89
32 119
71 141
145 158
98 12
133 158
119 148
21 37
90 191
113 59
21 43
107 18
124 117
40 162
162 153
47 187
120 6
170 179
186 178
36 99
19 160
100 6
14 186
79 189
32 62
130 28
15 29
106 62
67 78
191 156
172 198
34 50
4 43
162 58
104 75
94 96
74 102
38 5
175 96
59 69
82 94
176 172
51 152
111 159
178 109
89 21
104 73
101 132
57 75
103 42
120 58
116 12
5 139
0 3
167 172
67 199
196 152
43 192
139 37
110 144
158 3
179 109
184 48
128 53
172 159
31 140
40 20
112 101
142 168
43 46
181 109
191 184
151 192
90 19
1 140
128 52
193 31
179 152
11 128
170 81
52 106
7 127
188 20
61 79
119 88
194 142
53 168
74 50
33 140
161 40
173 120
149 50
138 10
62 14
69 24
72 102
165 149
53 48
178 5
153 58
151 121
16 134
81 60
40 145
155 126
33 173
142 120
146 63
187 199
34 79
105 156
21 146
101 66
98 65
2 114
161 1
185 140
59 87
46 89
186 135
142 7
148 31
191 171
124 50
196 134
17 79
11 5
44 166
178 193
108 53
38 137
14 64
0 102
18 160
119 69
40 92
103 191
189 154
178 117
7 83
151 26
137 25
79 193
142 24
67 155
191 144
149 177
29 4
192 130
120 135
0 25
20 58
60 70
86 2
53 192
198 81
167 65
198 97
198 123
180 103
69 67
160 187
30 72
157 76
62 129
18 88
134 73
103 125
15 79
124 171
71 113
155 155
56 9
136 173
130 44
40 37
138 109
174 14
143 170
114 110
127 78
26 1
86 152
106 16
106 168
192 90
85 128
45 37
21 3
195 15
