116 156
110 103
192 42
37 107
97 88
193 72
14 74
156 124
125 27
65 10
72 169
149 58
186 30
35 22
180 114
146 14
77 186
182 119
52 148
166 65
65 122
70 189
132 79
90 59
144 43
177 181
43 81
138 91
12 41
106 97
106 55
98 126
97 164
88 36
95 179
33 164
46 137
146 152
137 90
4 12
147 57
7 184
172 101
44 174
46 199
111 99
85 89
34 93
80 91
57 46
113 191
128 166
132 44
111 1
162 27
198 156
42 45
41 35
116 137
97 138
149 169
195 20
96 42
108 109
56 103
164 191
110 146
19 115
79 141
184 41
175 72
174 92
118 108
115 147
22 112
151 28
31 130
74 190
118 55
164 106
178 18
34 171
77 187
110 44
61 74
166 159
110 110
122 59
176 32
163 64
199 173
64 167
104 174
128 20
171 24
69 55
96 139
146 153
61 100
137 124
1 27
1 72
10 188
180 24
37 187
5 94
63 156
169 168
34 8
83 137
77 13
183 185
56 130
139 76
90 90
63 77
188 23
46 8
152 26
34 87
82 56
89 45
43 146
26 154
183 139
148 190
73 174
115 19
28 180
42 19
103 161
10 172
148 10
199 134
99 164
117 136
14 44
128 161
36 148
128 87
149 13
6 21
184 51
12 142
168 111
1 64
108 50
2 131
166 136
82 5
160 26
16 24
62 150
65 37
73 41
159 40
160 47
72 8
185 8
8 164
39 141
9 114
116 60
17 47
17 76
88 88
34 112
142 111
163 70
115 148
26 20
27 48
184 71
137 103
151 56
91 27
79 68
21 124
199 125
68 94
123 118
130 88
141 78
75 148
125 197
117 157
139 4
105 100
126 104
87 105
169 6
33 3
164 134
169 27
82 180
74 185
106 148
48 80
125 53
61 167
