118 123
103 40
38 189
185 89
149 47
143 139
183 6
146 43
25 47
29 140
58 75
25 145
191 195
195 178
39 30
57 139
184 185
75 89
13 71
109 70
66 152
74 162
92 176
66 95
132 49
161 41
67 139
53 156
21 37
6 94
184 196
94 2
135 103
175 53
57 181
170 43
57 112
5 103
116 119
175 21
189 91
125 159
54 7
47 168
169 163
47 66
98 32
90 4
129 72
100 15
133 138
149 67
140 32
78 61
12 23
168 114
4 171
57 158
197 150
124 169
61 171
122 134
170 128
50 151
96 110
81 176
172 138
148 57
13 137
39 95
64 148
43 69
190 32
124 51
141 157
158 35
111 6
67 66
120 151
102 108
116 144
185 21
0 171
43 104
169 77
94 55
115 170
146 65
8 69
169 176
140 128
90 20
44 75
11 168
5 123
113 11
70 82
60 77
74 32
35 45
53 64
166 192
199 52
176 43
199 127
61 80
184 0
179 178
36 191
22 113
173 190
183 23
153 71
39 67
19 33
95 3
30 124
193 21
109 176
112 83
170 59
159 109
104 31
162 78
126 153
106 128
95 163
103 4
102 86
5 49
150 88
87 128
143 78
73 35
45 173
166 17
78 93
80 107
13 197
7 63
196 68
125 80
26 105
133 10
138 65
63 38
173 80
113 129
179 175
136 144
167 6
150 11
3 28
24 146
166 9
165 145
109 180
136 53
48 58
189 93
118 123
71 41
195 150
55 33
22 148
0 12
104 16
64 102
194 19
158 138
33 133
142 112
113 99
162 139
135 91
183 25
96 173
93 198
155 94
50 185
146 101
86 168
106 153
110 94
61 4
53 17
106 22
78 132
127 178
124 157
170 137
95 193
134 140
106 99
69 22
173 164
59 34
14 130
79 65
151 4
