57 67
176 132
56 158
14 183
67 162
187 109
151 43
170 60
75 77
153 30
125 186
185 39
70 21
26 35
63 104
140 119
90 162
23 88
196 12
174 33
89 65
184 127
187 88
95 59
47 9
138 163
194 130
86 124
42 32
130 188
1 179
195 193
151 154
163 172
183 85
111 117
171 95
162 117
46 180
199 103
119 98
96 155
110 141
32 92
109 102
142 72
190 158
186 138
152 14
121 149
43 112
140 28
95 31
2 89
178 78
27 23
149 81
197 45
72 25
47 13
82 22
123 21
5 124
168 69
7 6
47 61
197 192
154 163
92 85
135 197
12 199
26 132
116 126
182 115
187 44
199 145
24 52
129 57
184 182
157 92
198 32
47 98
94 54
63 86
125 68
130 121
146 143
65 85
128 84
64 28
99 55
172 167
177 108
12 37
42 190
160 114
69 174
152 141
67 119
131 23
135 183
21 112
138 77
57 152
52 61
30 32
18 80
58 54
9 102
143 15
92 12
117 74
13 169
104 65
20 5
87 25
72 29
13 180
123 172
136 25
140 196
51 45
97 43
76 89
56 14
112 53
59 25
18 188
141 92
83 178
153 133
49 198
184 70
123 46
23 166
62 68
29 20
104 140
111 54
91 117
3 146
83 178
172 113
80 31
108 119
44 138
166 93
148 64
124 174
154 175
188 69
122 71
92 186
168 92
31 177
8 1
19 71
177 193
191 40
62 103
52 121
137 95
50 137
176 156
110 43
95 187
183 45
7 162
32 132
102 90
111 9
108 193
70 155
162 77
144 116
184 133
125 147
118 90
199 36
62 34
81 181
195 101
20 56
44 128
60 182
166 104
106 60
134 131
38 30
32 153
148 146
145 40
86 172
172 143
181 144
166 2
35 129
176 69
76 77
48 170
