0.21 2.24
1.21 2.1
2.42 2.99
3.66 2.83
4.59 2.06
5.89 2.21
6.95 2.01
7.24 2.72
8.35 2.72
9 2.88
0.73 4.76
1.69 4.9
2.64 4.96
3.97 4.6
4.72 4.36
5.76 4.56
6.65 4.32
7.82 4.84
8.72 4.82
9.91 4.82
0.5 6.31
1.18 6.33
2.52 6.67
3.5 6.21
4.93 6.44
5.97 6.42
6.82 6.6
7.11 6.94
8.72 6.08
9.04 6.51
0.34 8.72
1.56 8.74
2.64 8.92
3.37 8.83
4.86 8.72
5.37 8.84
6.85 8.27
7.75 8.94
8.65 8.97
9.07 8.5
0.78 10.95
1.67 10.07
2.25 10.16
3.54 10.74
4.77 10.76
5.24 10.96
6.01 10.91
7.03 10.54
8.08 10.66
9.7 10.9
0.76 12.42
1.44 12.29
2.4 12.55
3.62 12.9
4.47 12.14
5.38 12.29
6.43 12.05
7.2 12.03
8.77 12.03
9.34 12.4
0.88 14.39
1.96 14.65
2.37 14.97
3.16 14.69
4.92 14.26
5.57 14.4
6.73 14.99
7.36 14.54
8.15 14.69
9.52 14.3
0.56 16.37
1.2 16.25
2.79 16.54
3.04 16.91
4.4 16.41
5.74 16.53
6.67 16.48
7.25 16.58
8.01 16.74
9.01 16.35
0.01 18.41
1.16 18.55
2.18 18.78
3.25 18.35
4.46 18.96
5.97 18.24
6.34 18.44
7.39 18.59
8.18 18.61
9.79 18.13
0.09 20.07
1.7 20.25
2.62 20.65
3.89 20.83
4.58 20.11
5.09 20.25
6.67 20.36
7.01 20.36
8.7 20.61
9.62 20.28
