0.21 2.24
1.21 2.1
2.42 2.99
3.66 2.83
4.59 2.06
5.89 2.21
6.95 2.01
7.24 2.72
8.35 2.72
9 2.88
10.73 2.76
0.69 4.9
1.64 4.96
2.97 4.6
3.72 4.36
4.76 4.56
5.65 4.32
6.82 4.84
7.72 4.82
8.91 4.82
9.5 4.31
10.18 4.33
0.52 6.67
1.5 6.21
2.93 6.44
3.97 6.42
4.82 6.6
5.11 6.94
6.72 6.08
7.04 6.51
8.34 6.72
9.56 6.74
10.64 6.92
0.37 8.83
1.86 8.72
2.37 8.84
3.85 8.27
4.75 8.94
5.65 8.97
6.07 8.5
7.78 8.95
8.67 8.07
9.25 8.16
10.54 8.74
0.77 10.76
1.24 10.96
2.01 10.91
3.03 10.54
4.08 10.66
5.7 10.9
6.76 10.42
7.44 10.29
8.4 10.55
9.62 10.9
10.47 10.14
0.38 12.29
1.43 12.05
2.2 12.03
3.77 12.03
4.34 12.4
5.88 12.39
6.96 12.65
7.37 12.97
8.16 12.69
9.92 12.26
10.57 12.4
0.73 14.99
1.36 14.54
2.15 14.69
3.52 14.3
4.56 14.37
5.2 14.25
6.79 14.54
7.04 14.91
8.4 14.41
9.74 14.53
10.67 14.48
0.25 16.58
1.01 16.74
2.01 16.35
3.01 16.41
4.16 16.55
5.18 16.78
6.25 16.35
7.46 16.96
8.97 16.24
9.34 16.44
10.39 16.59
0.18 18.61
1.79 18.13
2.09 18.07
3.7 18.25
4.62 18.65
5.89 18.83
6.58 18.11
7.09 18.25
8.67 18.36
9.01 18.36
10.7 18.61
0.62 20.28
1.95 20.96
2.78 20.82
3.82 20.25
4.8 20.58
5.15 20.71
6.6 20.94
7.13 20.13
8.76 20.75
9.17 20.75
10.16 20.65
0.41 22.13
1.45 22.53
2.44 22.95
3.55 22.24
4.5 22.86
5.62 22.15
6.53 22.68
7.14 22.83
8.98 22.1
9.01 22.95
10.1 22.57
0.4 24.32
1 24.9
2.43 24.63
3.72 24.43
4.99 24.7
5.98 24.44
6.32 24.48
7.66 24.64
8.19 24.6
