0.21 2.24
1.21 2.1
2.42 2.99
3.66 2.83
4.59 2.06
5.89 2.21
6.95 2.01
7.24 2.72
8.35 2.72
9 2.88
10.73 2.76
11.69 2.9
12.64 2.96
0.97 4.6
1.72 4.36
2.76 4.56
3.65 4.32
4.82 4.84
5.72 4.82
6.91 4.82
7.5 4.31
8.18 4.33
9.52 4.67
10.5 4.21
11.93 4.44
12.97 4.42
0.82 6.6
1.11 6.94
2.72 6.08
3.04 6.51
4.34 6.72
5.56 6.74
6.64 6.92
7.37 6.83
8.86 6.72
9.37 6.84
10.85 6.27
11.75 6.94
12.65 6.97
0.07 8.5
1.78 8.95
2.67 8.07
3.25 8.16
4.54 8.74
5.77 8.76
6.24 8.96
7.01 8.91
8.03 8.54
9.08 8.66
10.7 8.9
11.76 8.42
12.44 8.29
0.4 10.55
1.62 10.9
2.47 10.14
3.38 10.29
4.43 10.05
5.2 10.03
6.77 10.03
7.34 10.4
8.88 10.39
9.96 10.65
10.37 10.97
11.16 10.69
12.92 10.26
0.57 12.4
1.73 12.99
2.36 12.54
3.15 12.69
4.52 12.3
5.56 12.37
6.2 12.25
7.79 12.54
8.04 12.91
9.4 12.41
10.74 12.53
11.67 12.48
12.25 12.58
0.01 14.74
1.01 14.35
2.01 14.41
3.16 14.55
4.18 14.78
5.25 14.35
6.46 14.96
7.97 14.24
8.34 14.44
9.39 14.59
10.18 14.61
11.79 14.13
12.09 14.07
0.7 16.25
1.62 16.65
2.89 16.83
3.58 16.11
4.09 16.25
5.67 16.36
6.01 16.36
7.7 16.61
8.62 16.28
9.95 16.96
10.78 16.82
11.82 16.25
12.8 16.58
0.15 18.71
1.6 18.94
2.13 18.13
3.76 18.75
4.17 18.75
5.16 18.65
6.41 18.13
7.45 18.53
8.44 18.95
9.55 18.24
10.5 18.86
11.62 18.15
12.53 18.68
0.14 20.83
1.98 20.1
2.01 20.95
3.1 20.57
4.4 20.32
5 20.9
6.43 20.63
7.72 20.43
8.99 20.7
9.98 20.44
10.32 20.48
11.66 20.64
12.19 20.6
0.77 22.65
1.99 22.07
2.43 22.66
3.32 22.94
4.31 22.19
5.51 22.59
6.01 22.36
7.65 22.04
8.2 22.18
9.18 22.28
10.5 22.29
11.72 22.31
12.23 22.04
0.74 24.52
1.73 24.27
2.61 24.57
3.13 24.63
4.02 24.72
5.49 24.16
6.44 24.44
7.81 24.18
8.76 24.18
9.81 24.84
10.83 24.68
11.39 24.48
12.42 24.06
0.31 26.41
1.99 26.19
2.16 26.18
3.73 26.57
4.29 26.95
5.86 26.47
6.75 26.32
7.16 26.79
8.76 26.66
9.43 26.12
10.95 26.83
11.9 26.98
12.46 26.5
0.37 28.01
1.83 28.31
2.99 28.95
3.63 28.93
4.05 28.99
5.65 28.92
6.41 28.48
7.95 28.39
8.93 28.11
9.7 28.27
10.19 28.1
11.02 28.59
12.22 28.36
0.59 30.32
1.59 30.87
2.49 30.74
3.82 30.42
4.26 30.76
5.54 30.62
6.94 30
7.91 30.95
8.29 30.55
9.8 30.29
10.86 30.53
11.8 30.78
12.07 30.32
