0.21 2.24
1.21 2.1
2.42 2.99
3.66 2.83
4.59 2.06
5.89 2.21
6.95 2.01
7.24 2.72
8.35 2.72
9 2.88
10.73 2.76
11.69 2.9
12.64 2.96
13.97 2.6
0.72 4.36
1.76 4.56
2.65 4.32
3.82 4.84
4.72 4.82
5.91 4.82
6.5 4.31
7.18 4.33
8.52 4.67
9.5 4.21
10.93 4.44
11.97 4.42
12.82 4.6
13.11 4.94
0.72 6.08
1.04 6.51
2.34 6.72
3.56 6.74
4.64 6.92
5.37 6.83
6.86 6.72
7.37 6.84
8.85 6.27
9.75 6.94
10.65 6.97
11.07 6.5
12.78 6.95
13.67 6.07
0.25 8.16
1.54 8.74
2.77 8.76
3.24 8.96
4.01 8.91
5.03 8.54
6.08 8.66
7.7 8.9
8.76 8.42
9.44 8.29
10.4 8.55
11.62 8.9
12.47 8.14
13.38 8.29
0.43 10.05
1.2 10.03
2.77 10.03
3.34 10.4
4.88 10.39
5.96 10.65
6.37 10.97
7.16 10.69
8.92 10.26
9.57 10.4
10.73 10.99
11.36 10.54
12.15 10.69
13.52 10.3
0.56 12.37
1.2 12.25
2.79 12.54
3.04 12.91
4.4 12.41
5.74 12.53
6.67 12.48
7.25 12.58
8.01 12.74
9.01 12.35
10.01 12.41
11.16 12.55
12.18 12.78
13.25 12.35
0.46 14.96
1.97 14.24
2.34 14.44
3.39 14.59
4.18 14.61
5.79 14.13
6.09 14.07
7.7 14.25
8.62 14.65
9.89 14.83
10.58 14.11
11.09 14.25
12.67 14.36
13.01 14.36
0.7 16.61
1.62 16.28
2.95 16.96
3.78 16.82
4.82 16.25
5.8 16.58
6.15 16.71
7.6 16.94
8.13 16.13
9.76 16.75
10.17 16.75
11.16 16.65
12.41 16.13
13.45 16.53
0.44 18.95
1.55 18.24
2.5 18.86
3.62 18.15
4.53 18.68
5.14 18.83
6.98 18.1
7.01 18.95
8.1 18.57
9.4 18.32
10 18.9
11.43 18.63
12.72 18.43
13.99 18.7
0.98 20.44
1.32 20.48
2.66 20.64
3.19 20.6
4.77 20.65
5.99 20.07
6.43 20.66
7.32 20.94
8.31 20.19
9.51 20.59
10.01 20.36
11.65 20.04
12.2 20.18
13.18 20.28
0.5 22.29
1.72 22.31
2.23 22.04
3.74 22.52
4.73 22.27
5.61 22.57
6.13 22.63
7.02 22.72
8.49 22.16
9.44 22.44
10.81 22.18
11.76 22.18
12.81 22.84
13.83 22.68
0.39 24.48
1.42 24.06
2.31 24.41
3.99 24.19
4.16 24.18
5.73 24.57
6.29 24.95
7.86 24.47
8.75 24.32
9.16 24.79
10.76 24.66
11.43 24.12
12.95 24.83
13.9 24.98
0.46 26.5
1.37 26.01
2.83 26.31
3.99 26.95
4.63 26.93
5.05 26.99
6.65 26.92
7.41 26.48
8.95 26.39
9.93 26.11
10.7 26.27
11.19 26.1
12.02 26.59
13.22 26.36
0.59 28.32
1.59 28.87
2.49 28.74
3.82 28.42
4.26 28.76
5.54 28.62
6.94 28
7.91 28.95
8.29 28.55
9.8 28.29
10.86 28.53
11.8 28.78
12.07 28.32
13.23 28.86
0.7 30.67
1.97 30.83
2.74 30.4
3.2 30.61
