0.21 2.24
1.21 2.1
2.42 2.99
3.66 2.83
4.59 2.06
5.89 2.21
6.95 2.01
7.24 2.72
0.35 4.72
1 4.88
2.73 4.76
3.69 4.9
4.64 4.96
5.97 4.6
6.72 4.36
7.76 4.56
0.65 6.32
1.82 6.84
2.72 6.82
3.91 6.82
4.5 6.31
5.18 6.33
6.52 6.67
7.5 6.21
0.93 8.44
1.97 8.42
2.82 8.6
3.11 8.94
4.72 8.08
5.04 8.51
6.34 8.72
7.56 8.74
0.64 10.92
1.37 10.83
2.86 10.72
3.37 10.84
4.85 10.27
5.75 10.94
6.65 10.97
7.07 10.5
0.78 12.95
1.67 12.07
2.25 12.16
3.54 12.74
4.77 12.76
5.24 12.96
6.01 12.91
7.03 12.54
0.08 14.66
1.7 14.9
2.76 14.42
3.44 14.29
4.4 14.55
5.62 14.9
6.47 14.14
7.38 14.29
0.43 16.05
1.2 16.03
2.77 16.03
3.34 16.4
4.88 16.39
5.96 16.65
6.37 16.97
7.16 16.69
0.92 18.26
1.57 18.4
2.73 18.99
3.36 18.54
4.15 18.69
5.52 18.3
