0.21 2.24
1.21 2.1
2.42 2.99
3.66 2.83
4.59 2.06
5.89 2.21
6.95 2.01
7.24 2.72
8.35 2.72
0 4.88
1.73 4.76
2.69 4.9
3.64 4.96
4.97 4.6
5.72 4.36
6.76 4.56
7.65 4.32
8.82 4.84
0.72 6.82
1.91 6.82
2.5 6.31
3.18 6.33
4.52 6.67
5.5 6.21
6.93 6.44
7.97 6.42
8.82 6.6
0.11 8.94
1.72 8.08
2.04 8.51
3.34 8.72
4.56 8.74
5.64 8.92
6.37 8.83
7.86 8.72
8.37 8.84
0.85 10.27
1.75 10.94
2.65 10.97
3.07 10.5
4.78 10.95
5.67 10.07
6.25 10.16
7.54 10.74
8.77 10.76
0.24 12.96
1.01 12.91
2.03 12.54
3.08 12.66
4.7 12.9
5.76 12.42
6.44 12.29
7.4 12.55
8.62 12.9
0.47 14.14
1.38 14.29
2.43 14.05
3.2 14.03
4.77 14.03
5.34 14.4
6.88 14.39
7.96 14.65
8.37 14.97
0.16 16.69
1.92 16.26
2.57 16.4
3.73 16.99
4.36 16.54
5.15 16.69
6.52 16.3
7.56 16.37
8.2 16.25
0.79 18.54
1.04 18.91
2.4 18.41
3.74 18.53
4.67 18.48
5.25 18.58
6.01 18.74
7.01 18.35
8.01 18.41
0.16 20.55
1.18 20.78
2.25 20.35
3.46 20.96
