39 46
11 7
7 18
22 28
9 44
9 7
41 27
36 41
9 38
41 28
37 18
23 12
43 24
0 13
32 24
3 47
12 36
36 24
45 29
10 1
30 47
46 23
17 10
7 18
26 21
9 21
3 31
18 17
24 39
13 35
8 32
9 45
13 19
17 20
7 43
19 17
20 35
37 30
8 20
32 31
26 39
34 15
31 40
27 19
7 49
31 9
44 17
35 22
45 11
43 10
43 37
12 40
48 22
13 49
19 48
48 25
20 36
15 22
44 3
27 13
38 17
24 45
27 32
13 1
47 40
32 8
16 16
26 49
33 32
23 1
20 45
10 32
27 31
32 48
36 17
20 30
47 11
7 13
35 29
6 15
45 1
34 8
5 41
14 28
34 13
18 11
28 16
17 48
47 42
34 26
49 29
25 33
41 44
28 30
28 13
35 23
41 42
45 30
9 39
45 35
43 11
15 28
3 34
20 11
16 32
10 37
35 16
46 46
44 17
2 35
7 48
0 2
0 15
30 10
46 31
7 9
2 25
3 13
21 38
13 9
13 32
21 22
25 3
45 49
5 14
18 7
16 46
20 32
24 29
30 24
31 15
7 49
30 20
23 26
29 0
49 18
44 33
45 0
33 28
11 32
24 31
39 20
24 31
16 36
20 35
9 7
40 6
6 47
49 22
5 5
44 16
4 40
15 33
42 45
6 0
33 2
18 38
19 48
45 13
41 16
11 34
31 41
48 16
17 1
33 3
2 43
4 28
10 6
41 38
19 4
13 0
44 8
38 48
26 19
32 7
37 3
11 21
25 35
28 4
41 19
48 24
18 14
41 46
16 49
36 43
18 40
8 21
9 23
12 24
31 47
43 19
18 0
7 44
20 43
36 10
39 26
21 16
42 44
37 14
49 41
