11 26
43 19
42 36
41 15
13 46
37 7
3 41
0 47
23 17
38 4
20 16
44 46
34 23
48 14
42 19
43 11
20 20
25 37
30 9
20 5
35 25
0 11
28 17
20 8
21 30
0 24
6 6
2 39
41 6
11 39
17 23
12 0
45 34
25 25
26 25
22 14
32 44
3 0
14 13
23 3
47 37
1 9
25 40
41 3
9 41
9 23
38 44
17 12
16 13
21 28
18 32
38 18
31 39
23 39
21 11
29 25
46 30
15 17
35 25
4 27
10 40
26 47
32 43
30 20
28 26
47 33
21 49
23 15
8 11
10 28
48 4
45 32
22 5
13 25
35 29
41 34
13 3
6 41
19 28
3 47
41 41
9 1
33 12
29 46
24 49
20 32
8 19
35 42
1 29
2 16
41 19
8 29
11 15
20 20
37 30
16 3
3 11
29 10
15 26
41 24
43 11
7 25
31 30
4 21
6 44
9 0
38 33
27 24
8 47
37 38
16 34
34 15
15 41
28 30
43 22
13 13
17 0
48 35
31 30
38 11
22 41
37 6
10 49
40 20
11 44
22 10
7 32
20 8
4 1
6 23
0 30
36 0
17 7
10 17
3 26
20 18
31 19
7 7
7 38
11 42
36 22
1 9
31 18
30 44
21 8
5 34
10 6
28 45
29 49
39 15
30 49
12 22
12 40
30 15
27 42
27 28
42 48
6 11
3 19
31 44
47 45
34 34
18 47
36 38
18 39
14 1
4 43
9 26
28 39
13 18
48 36
28 14
27 15
31 26
2 25
18 47
32 3
35 20
1 40
35 1
7 4
10 3
23 37
24 32
31 34
16 16
33 6
43 28
26 8
38 40
45 49
24 48
24 1
6 47
17 39
16 34
9 29
39 41
22 40
35 28
