14 16
44 33
14 39
3 45
16 40
46 27
37 10
42 15
18 19
38 7
31 46
46 9
17 5
6 8
15 26
35 29
22 40
5 22
49 3
43 8
22 16
46 31
46 22
23 14
11 2
34 40
48 32
21 31
10 8
32 47
0 44
48 48
37 38
40 43
45 21
27 29
42 23
40 29
11 45
49 25
29 24
24 38
27 35
8 23
27 25
35 18
47 39
46 34
38 3
30 37
10 28
35 7
23 7
0 22
44 19
6 5
37 20
49 11
18 6
11 3
20 5
30 5
1 31
42 17
1 1
11 15
49 48
38 40
23 21
33 49
3 49
6 33
29 31
45 28
46 11
49 36
6 13
32 14
46 45
39 23
49 8
11 24
23 13
15 21
31 17
32 30
36 35
16 21
32 21
16 7
24 13
43 41
44 27
3 9
10 47
40 28
17 43
38 35
16 29
32 5
33 45
5 28
34 19
14 38
13 15
7 8
4 20
14 13
2 25
35 3
23 3
29 18
3 42
26 16
5 1
21 6
18 7
3 45
30 43
34 6
35 49
12 11
24 10
19 22
14 3
28 13
14 6
4 47
35 23
20 44
38 33
12 49
46 17
30 11
5 41
15 17
7 5
26 35
27 13
22 29
0 36
20 44
43 28
20 7
27 29
11 34
41 23
37 16
31 43
38 43
47 17
30 17
23 46
42 23
7 44
2 0
4 17
44 48
47 10
15 25
13 30
34 23
12 34
44 39
27 10
23 46
45 11
1 40
8 33
25 22
27 2
27 48
17 38
40 19
36 29
46 33
31 36
29 22
49 9
15 8
20 45
48 25
5 14
11 32
15 45
41 26
26 15
33 32
9 7
8 38
37 36
36 10
21 43
43 35
45 36
41 0
8 32
44 17
19 19
12 42
