45 0
34 28
31 25
32 12
48 11
3 4
1 19
19 2
29 42
7 9
27 47
45 40
36 11
37 11
34 29
38 18
46 19
1 26
6 46
44 13
45 0
7 15
15 46
24 16
0 7
16 18
30 3
4 28
32 34
30 38
40 5
12 16
33 17
8 3
37 35
21 12
5 30
13 33
47 9
25 40
7 42
10 15
8 3
7 6
41 34
3 17
28 49
20 21
44 3
13 40
36 30
0 41
44 0
5 3
8 30
20 39
17 10
23 2
39 36
34 34
43 39
31 45
4 38
26 39
25 5
18 24
32 11
14 3
15 22
35 25
19 30
21 23
26 1
34 5
23 41
40 45
5 45
47 2
34 1
12 20
42 25
29 29
41 0
17 35
42 38
32 5
28 27
44 38
33 34
47 31
31 20
46 9
2 28
9 49
19 19
47 13
37 30
3 27
6 18
23 8
6 14
41 35
6 46
43 34
23 43
17 29
0 18
16 16
18 27
40 5
33 16
24 44
44 24
16 28
0 24
6 26
45 44
20 10
47 12
34 3
43 47
8 2
8 40
27 46
19 9
46 18
4 38
5 39
10 23
30 40
21 2
46 9
29 22
27 9
2 28
35 13
43 19
41 24
29 36
11 35
30 30
46 11
6 7
22 32
21 39
14 33
17 0
26 7
19 45
10 3
24 18
49 43
27 24
37 49
47 12
31 16
7 25
40 35
33 42
19 17
45 16
1 32
26 30
4 4
46 20
28 15
8 1
1 17
31 6
34 36
22 35
23 10
38 9
45 5
18 27
40 26
31 31
46 29
2 22
42 17
27 38
42 25
46 18
17 11
24 24
12 10
9 37
33 7
1 21
19 10
43 47
24 33
34 15
20 48
11 19
34 26
46 13
6 23
5 47
19 24
