22 23
40 25
46 36
31 19
0 37
22 42
8 41
39 49
30 33
36 15
1 47
22 41
4 38
14 42
28 18
5 48
11 14
36 35
26 32
17 40
9 26
44 22
44 8
36 23
44 5
27 36
24 25
32 45
39 36
20 18
22 38
44 43
2 3
5 9
38 1
36 37
8 30
4 37
12 37
19 33
14 5
5 28
35 45
6 27
7 3
20 42
10 22
6 14
19 42
8 19
31 6
16 27
27 2
40 22
31 20
49 48
47 22
15 31
41 24
30 16
15 20
7 44
38 9
26 15
42 14
30 36
10 9
20 49
47 43
39 37
42 12
47 10
4 8
30 4
6 1
9 38
41 27
31 5
28 27
16 43
33 45
26 46
18 1
27 12
26 30
1 47
32 5
1 34
48 31
49 37
37 45
13 13
42 16
5 13
14 19
8 39
47 9
1 22
19 39
41 0
15 7
22 31
40 18
9 46
32 34
48 48
18 15
31 30
13 22
12 12
41 35
23 32
34 16
42 1
9 29
11 40
33 43
37 24
28 46
8 19
37 34
28 0
44 23
34 42
3 38
24 2
5 17
15 4
39 21
17 30
19 36
4 9
27 32
27 48
40 18
4 5
13 35
42 4
16 45
8 43
49 26
28 39
13 43
5 38
42 44
41 1
10 9
4 0
21 39
31 15
20 24
20 49
32 44
13 33
36 41
27 24
29 48
12 44
43 35
42 32
12 15
20 28
11 18
33 1
10 36
6 15
14 38
23 31
34 21
37 5
38 25
35 17
22 28
32 25
25 13
13 43
15 23
37 27
43 34
20 34
2 13
20 35
5 44
14 45
45 41
10 39
40 22
23 21
37 34
10 5
30 4
1 36
4 11
35 25
40 28
11 0
12 21
15 0
4 4
43 38
