47 0
3 24
17 30
23 25
45 45
41 35
30 28
15 12
36 25
43 15
1 33
23 21
15 27
27 47
21 5
10 31
24 28
6 41
34 1
37 11
4 25
20 4
6 21
7 11
28 10
25 31
37 35
12 14
49 32
25 3
40 12
2 20
38 18
17 20
26 15
43 43
24 26
7 0
33 36
5 0
36 41
14 33
24 31
17 16
24 19
39 23
35 7
29 6
18 6
16 0
35 36
0 34
31 15
8 33
35 6
2 41
21 49
20 26
13 15
4 44
23 46
6 22
37 9
2 3
48 32
32 20
19 45
10 34
8 7
18 24
9 33
29 34
30 8
37 41
29 9
20 21
21 17
32 30
37 7
19 19
41 45
26 40
0 40
39 11
41 13
45 17
39 46
5 35
13 33
39 7
36 12
28 32
24 46
19 22
46 23
6 48
16 36
37 18
15 33
37 1
24 48
1 2
16 28
20 45
4 12
36 24
34 15
15 13
34 39
47 31
45 23
5 41
47 26
6 7
10 39
8 31
42 38
25 28
15 1
24 15
37 12
22 10
3 15
38 15
3 6
15 4
35 10
46 0
43 17
15 7
10 37
26 7
32 46
38 9
33 40
20 30
3 35
8 12
12 31
0 24
39 39
2 10
48 49
1 9
19 28
22 15
33 49
15 42
46 36
1 15
9 39
24 40
15 17
8 5
45 27
34 41
25 14
24 3
1 25
40 43
38 42
41 31
31 34
36 38
14 21
22 36
17 33
22 4
38 43
19 23
17 17
31 20
28 1
16 20
18 28
11 40
32 39
27 31
46 23
30 4
21 28
0 17
1 43
15 37
12 0
49 30
13 42
4 11
49 4
46 13
48 23
48 44
24 35
10 44
44 5
8 42
41 31
34 16
14 27
42 46
