22 28
7 12
5 22
10 11
42 41
36 28
20 43
23 19
27 35
38 22
24 22
8 29
17 35
36 39
24 3
33 39
29 37
5 9
22 47
28 14
5 10
26 4
31 29
10 40
40 38
11 46
30 1
42 44
46 44
9 24
4 40
25 1
3 46
19 47
8 15
32 7
3 7
26 15
16 19
47 39
43 49
8 12
1 10
40 14
26 18
23 24
18 25
9 1
43 24
14 17
20 23
44 43
12 38
27 39
44 27
22 5
26 18
25 33
14 18
25 10
30 14
29 3
1 34
0 0
41 43
16 49
49 38
10 48
34 9
27 36
39 0
44 27
46 12
32 13
43 39
7 35
10 5
28 25
35 42
10 11
45 27
47 46
37 48
22 4
0 35
32 13
48 7
44 38
2 32
42 20
13 26
1 31
47 5
15 19
29 22
48 35
13 42
18 12
8 35
40 10
43 30
37 12
34 2
15 3
17 6
18 25
41 37
13 12
44 1
38 14
37 30
4 33
20 15
10 36
38 31
8 43
35 30
36 15
46 49
8 19
26 39
5 36
25 16
24 16
0 28
40 0
46 35
14 21
11 22
46 33
35 1
37 7
47 42
31 12
49 33
4 19
2 1
11 41
44 48
27 13
9 34
3 16
0 25
4 40
29 17
10 23
25 47
47 38
44 29
1 20
37 6
34 6
19 48
35 6
16 38
47 36
37 44
7 1
48 32
30 33
0 6
5 14
15 17
21 0
13 48
49 20
41 16
49 24
49 30
45 25
17 16
40 46
7 18
39 19
15 32
4 22
33 18
25 31
3 19
31 42
17 28
38 38
14 2
34 43
32 11
10 9
34 27
43 3
35 42
28 27
31 19
6 0
21 38
26 4
26 42
48 22
21 32
11 9
5 0
48 3
