29 39
27 25
48 10
9 26
24 22
48 18
3 18
39 31
31 6
16 2
18 42
37 14
46 7
8 5
45 28
36 3
19 46
45 29
13 37
41 16
16 30
17 47
33 19
22 14
36 10
44 45
10 20
34 22
3 10
26 24
26 13
24 31
24 41
22 9
23 44
8 41
11 34
36 38
34 22
1 3
36 14
1 46
43 25
11 43
11 49
27 24
21 22
8 23
20 22
14 11
28 47
32 41
33 11
27 0
40 6
49 39
10 11
10 8
29 34
24 34
37 42
48 5
24 10
27 27
14 25
41 47
27 36
4 28
19 35
46 10
43 18
43 23
29 27
28 36
5 28
37 7
7 32
18 47
29 13
41 26
44 4
8 42
19 46
27 11
15 18
41 39
27 27
30 14
44 8
40 16
49 43
16 41
26 43
32 5
42 6
17 13
24 34
36 38
15 25
34 31
0 6
0 18
2 47
45 6
9 46
1 23
15 39
42 42
8 2
20 34
19 3
45 46
14 32
34 19
22 22
15 19
47 5
11 2
38 6
8 21
20 14
22 11
10 36
6 38
45 34
37 47
18 43
28 4
7 45
10 4
25 40
2 43
37 2
49 33
24 41
29 34
3 11
32 40
9 37
32 21
37 3
1 5
46 12
3 35
42 27
0 16
27 12
0 32
41 34
20 1
40 6
4 6
15 37
16 9
18 10
39 10
40 11
18 2
46 2
2 41
9 35
2 28
29 15
4 11
4 19
22 22
8 28
35 27
40 17
28 37
6 5
6 12
46 17
34 25
37 14
22 6
19 17
5 31
49 31
17 23
30 29
32 22
35 19
18 37
31 49
29 39
34 1
26 25
31 26
21 26
42 1
8 0
41 33
42 6
20 45
18 46
26 37
12 20
31 13
15 41
