26 39
0 19
14 27
24 32
34 22
11 9
38 38
15 32
9 10
16 29
48 14
3 39
25 5
38 44
2 32
12 40
30 37
7 38
40 43
25 19
48 12
22 39
8 34
3 10
7 4
33 40
27 34
32 12
12 16
22 27
29 42
45 22
32 14
42 6
24 34
36 42
30 30
10 36
2 47
26 33
29 1
16 23
6 20
46 3
32 37
3 1
36 0
46 29
47 32
26 20
22 45
43 8
25 32
4 17
45 5
37 19
39 40
37 31
42 14
14 33
31 0
7 24
21 2
7 21
16 43
24 33
26 40
41 33
38 18
34 22
0 28
1 39
1 41
7 22
21 7
23 26
43 49
24 22
1 5
16 36
8 37
31 44
42 3
13 34
11 1
35 20
48 5
4 9
25 25
37 38
12 47
23 49
0 39
33 48
24 28
23 27
49 20
16 28
48 37
36 36
40 25
27 20
0 38
38 16
12 31
17 7
17 18
46 16
44 12
40 18
11 2
22 44
24 18
0 21
45 29
25 33
11 38
35 11
34 1
9 41
21 20
39 42
24 20
6 33
9 6
5 41
29 37
12 3
45 21
33 23
42 42
44 23
18 10
26 12
34 2
16 10
31 1
0 47
18 49
26 15
19 32
29 42
6 33
42 20
45 35
47 4
42 19
42 4
1 42
3 22
47 11
7 14
40 42
0 47
20 31
0 25
11 19
48 24
17 37
27 4
22 49
45 45
26 7
33 18
18 5
47 9
8 6
48 38
29 35
42 24
8 42
15 11
21 6
42 48
18 33
17 42
40 49
2 12
30 24
16 32
43 33
4 6
32 17
14 19
15 16
26 26
23 21
19 43
36 35
21 40
24 35
3 19
14 38
34 40
40 26
37 29
6 41
37 39
29 46
17 25
