29 30
25 10
9 47
46 22
37 11
35 34
45 1
36 10
6 11
7 35
14 18
6 36
47 48
48 44
9 7
14 34
46 46
18 22
3 17
27 17
16 38
18 40
23 44
16 23
33 12
40 10
16 34
13 39
5 9
1 23
46 49
23 0
33 25
43 13
14 45
42 10
14 28
1 25
29 29
43 5
47 22
31 39
13 1
11 42
42 40
11 16
24 8
22 1
32 18
25 3
33 34
37 16
35 8
19 15
3 5
42 28
1 42
14 39
49 37
31 42
15 42
30 33
42 32
12 37
24 27
20 44
43 34
37 14
3 34
9 23
16 37
10 17
47 8
31 12
35 39
39 8
27 1
16 16
30 37
25 27
29 36
46 5
0 42
10 26
42 19
23 13
28 42
36 16
2 17
42 44
35 32
22 5
11 18
2 42
1 30
28 2
17 20
15 19
18 8
8 11
13 16
41 48
49 13
44 10
49 31
15 20
46 0
44 44
9 47
5 28
43 47
45 5
38 17
9 16
4 8
23 0
7 31
48 5
27 44
28 20
42 14
39 27
26 7
40 19
31 38
26 32
23 40
25 1
25 21
1 12
37 22
21 32
35 19
18 8
11 43
41 4
19 23
20 26
3 49
1 15
49 17
31 20
6 26
33 2
34 16
15 9
43 20
28 32
44 43
34 36
41 1
37 2
0 7
6 36
41 2
41 36
27 45
34 13
12 14
47 23
29 30
17 10
48 37
13 8
5 37
0 3
26 4
16 25
48 4
39 34
8 33
35 28
28 24
40 34
33 22
45 6
24 43
23 49
38 23
12 46
36 25
21 42
26 38
27 23
15 1
13 4
26 5
19 33
31 44
31 39
42 34
23 48
33 35
26 24
17 5
43 41
14 8
3 32
19 16
37 1
