4595 74
3425 2873
3112 2514
3232 1289
4870 1104
312 404
192 1933
1970 211
2909 4207
708 902
2790 4760
4576 4033
3682 1196
3747 1104
3434 2974
3812 1823
4677 1943
156 2606
617 4677
4410 1326
4594 9
764 1537
1583 4686
2485 1647
54 745
1610 1813
3047 312
469 2853
3268 3498
3038 3811
4004 524
1260 1647
3351 1721
809 339
3710 3544
2126 1260
533 3065
1371 3305
4796 957
2550 4023
754 4290
1068 1592
884 377
727 681
4143 3462
368 1758
2891 4981
2063 2118
4475 387
1381 4089
3683 3011
0 4153
4485 10
571 350
894 3039
2044 3960
1704 1040
2367 230
3997 3674
3453 3472
4383 3960
3122 4586
497 3803
2680 3951
2514 589
1869 2459
3232 1114
1464 368
1519 2293
3536 2523
1961 3011
2117 2338
2624 128
3489 552
2384 4152
4069 4520
542 4548
4742 211
3480 165
1206 2016
4254 2587
2983 2983
4180 64
1703 3591
4291 3821
3241 543
2826 2780
4456 3839
3342 3406
4732 3121
3121 2071
4604 902
239 2836
985 4944
1970 1979
4751 1344
3710 3066
303 2744
672 1814
2348 828
