3987 4613
1160 727
700 1869
2283 2817
930 4484
902 718
4134 2744
3619 4125
939 3894
4171 2863
3747 1804
2393 1224
4327 2430
8 1352
3268 2430
312 4769
1205 3654
3608 2448
4584 2982
1057 173
3009 4732
4603 2319
1776 1048
745 1804
2632 2135
929 2126
321 3130
1850 1785
2402 3949
1352 3571
846 3249
993 4501
1334 1987
1775 2033
707 4326
1923 1711
2034 3525
3792 3074
845 2070
3203 3129
2613 3930
3433 1554
3101 4086
2760 1904
735 4952
3184 956
4492 1793
3552 2272
4519 1149
4372 1011
4317 3718
1223 4059
4888 2291
1306 4943
1969 4814
4833 2531
2043 3608
1554 2273
4436 394
2770 1315
3847 1785
2485 4547
2798 3267
1315 183
4731 4013
3268 855
1610 1638
2632 4971
3332 3231
2310 183
2089 4594
1012 3296
2725 3167
3277 4870
3655 1712
2080 3093
4705 1123
717 1316
3590 2936
616 1527
4530 146
3480 818
597 4198
1408 2854
3443 1380
1859 1104
2863 1648
1712 4834
4741 4207
3415 2614
4935 2973
2504 3342
4189 4447
2817 3020
2835 1399
3581 2393
4125 4235
4557 3057
920 3941
4567 3582
