2218 2384
4024 2550
4613 3610
3131 1943
92 3748
2201 4273
820 4116
3960 4936
3002 3306
3665 1538
166 4788
2274 4199
452 3849
1400 4282
2846 1814
562 4853
1133 1418
3619 3564
2689 3297
1769 4006
922 2616
4485 2266
4467 830
3657 2395
4439 516
2708 3619
2450 2560
3260 4577
3932 3638
2091 1852
2229 3850
4457 4347
286 332
599 995
3896 157
3638 3795
876 3030
480 3794
1271 3785
1925 3334
1428 563
507 2846
3518 4586
654 2763
756 388
2063 4283
1032 2202
673 1428
1980 4209
820 1935
3113 618
1668 2717
2717 250
4080 2248
3169 2082
4955 4854
4762 2285
1557 3197
4191 2423
3095 1696
1595 2027
784 4486
3878 996
2654 1503
4247 1484
3031 3648
1088 959
2036 4974
4781 4375
3924 3731
4219 1236
4744 1051
471 830
3022 416
610 187
988 3815
4192 2755
3142 592
2857 2710
1678 4312
3317 4560
2654 4625
1816 104
2765 1200
2664 3050
122 4726
3244 527
177 3437
4883 3161
4929 3732
3741 4570
1384 1347
4220 1651
546 1393
1430 1982
850 3980
4717 997
168 2240
1991 3925
4146 21
