2974 3075
2578 1003
966 4733
4631 2228
3738 1178
3582 3490
4595 166
3674 1096
645 1197
737 3518
1464 1879
626 3647
4798 4890
4899 4457
986 756
1437 3481
4623 4632
1879 2239
332 1778
2736 1751
1659 3813
1852 4062
2303 4412
1659 2395
3307 1244
4043 1041
1695 3491
1345 3914
544 931
167 2367
4624 4918
2358 65
3390 2588
4384 1345
1447 4531
4255 1087
1437 2809
129 2579
2901 2975
4384 535
4734 2275
3132 3997
1364 194
1198 4209
4228 4090
1199 1659
2460 812
2267 103
3243 1816
2507 380
3336 3464
3740 1687
3519 812
1963 1531
306 591
4210 2857
113 4293
1448 3962
4938 3750
3105 4229
1540 4275
3068 3372
4256 3206
1263 3796
2405 2755
2028 4413
4303 3455
3722 1430
343 3437
997 2397
1605 3705
1090 1725
4773 804
3106 1283
3548 3926
3972 878
2793 160
1679 1670
3005 3788
2563 2701
2904 3613
4644 528
3 4294
1099 2618
4248 1946
2352 1385
2877 4258
3668 1633
206 1725
4248 4414
3521 3217
2268 500
1108 1891
298 4202
132 3087
2839 297
1752 2056
1522 1927
1853 813
896 1126
