2256 2845
782 1261
506 2265
1050 1114
4236 4144
3610 2818
2016 4337
2376 1906
2744 3591
3849 2219
2422 2238
801 2983
1795 3527
3637 3960
2459 323
3343 3969
2984 3720
525 930
2274 4779
2837 1483
534 1078
2698 470
3112 2947
1004 4061
4060 3839
1178 4686
3001 174
4272 4475
4659 4456
911 2477
488 4024
2523 166
368 4659
1989 4742
801 1565
3250 708
377 745
2651 1574
1694 1952
4797 3922
4309 4963
865 1252
119 1086
4070 1455
2615 1897
2357 2412
1869 2559
957 147
4392 2421
1491 1749
2062 2357
4420 4309
1298 3812
2781 3996
4456 2725
2246 533
2605 1832
2531 3324
1445 1878
2577 1058
3010 1454
2919 313
138 3480
9 82
4180 4318
1685 4990
4917 3811
1077 4815
3498 938
2752 3609
3950 82
4484 2734
4622 1215
3213 1335
4300 3986
791 3507
1021 515
2808 2540
3563 4207
1076 1168
4538 2734
4796 4621
3792 4814
2254 486
44 3516
3221 1306
4833 781
4492 3820
284 3203
4262 2034
1315 2669
192 3194
4704 505
1546 1988
2991 2208
4851 3571
1343 4206
1858 1250
836 3507
4032 1011
