1113 2697
4391 1933
4207 3618
4115 1519
1362 4649
3729 708
303 4106
18 4741
2320 1721
3857 460
2016 1666
4401 4613
3462 2320
4843 1427
4235 1906
4374 1132
2016 2016
2541 3775
3048 957
2081 506
3526 2514
9 1123
2827 1721
2044 847
2127 3084
92 2403
662 690
267 3904
4134 617
1169 3922
1768 2311
1243 27
4502 3416
2560 2587
2688 2560
2219 1455
3287 4465
331 18
1445 1344
2366 331
4797 3784
165 994
2504 4051
4143 349
947 4115
929 2310
3885 4446
1757 1288
1601 1370
2199 2816
1895 3286
3829 1868
3184 3958
2365 3949
2126 1186
2927 2595
4603 3028
1573 1794
3562 2586
413 2733
1076 4022
2641 4713
3268 4317
3056 2043
2899 2650
4732 3369
2181 4962
2384 1564
883 1150
1021 2844
4833 404
4593 3249
2227 533
1352 2558
3525 2927
4170 3460
1315 302
633 4151
1959 2843
376 4731
4133 4170
993 146
3313 1242
2908 4676
2429 4971
2098 3249
809 1987
3534 4298
155 2963
265 1655
4141 1959
836 2935
1149 1590
2005 2014
3736 3018
1682 375
365 1111
2999 1010
1553 2649
4187 2400
