4733 74
313 2403
1796 3020
2366 2514
4595 4585
4125 3545
3011 2891
1584 1270
3600 2550
4337 1583
156 3315
2357 2145
1509 2716
2789 4723
2108 580
1031 3167
2458 2845
662 4162
3443 165
3766 1197
460 2541
2007 469
617 2173
773 1197
2863 1049
2504 3176
3720 3554
1234 1473
4981 3231
2587 349
4023 1224
276 2090
3839 1804
1795 2016
2669 1564
4354 4326
2439 2632
726 8
3369 3645
542 63
3654 4142
1462 3387
2475 3120
1776 1647
2420 1942
3967 2337
3590 717
2982 671
1886 625
1619 72
3562 3655
82 3498
3157 1500
864 3341
3544 671
247 4106
2153 4971
2052 2632
1380 1564
468 4455
2319 4668
644 2292
3738 966
266 368
4870 3295
3259 2025
1924 4520
1030 3471
874 782
1887 2458
966 3388
2937 3490
3029 810
3757 4171
2919 939
2090 2182
2191 1750
3278 3048
3729 774
1916 1925
4172 4531
2625 4070
28 4043
3951 1106
4144 1355
4596 1704
3951 4688
599 3536
1335 3334
3987 783
3638 1207
2836 3223
2459 4660
1916 2211
4651 2358
682 4881
1676 3638
3739 1823
1547 3380
3730 101
