2919 3922
2762 2587
4816 1059
939 2689
2440 2210
4834 1814
359 1851
3904 3121
3140 691
1630 258
1823 4245
3729 1464
4668 764
884 552
4502 2863
3655 359
1933 4659
4567 2992
1316 3720
4152 1648
1648 3066
1767 4742
3314 1997
2274 1491
3608 1095
4437 4548
1076 2043
3452 2292
321 1030
2651 2430
2670 1399
2467 3158
2449 4106
2209 902
2375 4484
837 4106
1160 3434
3673 3821
3434 2255
119 303
3683 1436
183 4622
4318 2541
1123 4364
1169 4999
2799 2485
2126 2246
865 2347
2006 2292
1435 1159
2844 4778
3212 4152
3305 1104
2798 36
4050 680
4953 3903
1067 1131
1039 883
2908 3442
2448 3470
3746 4225
4888 505
2420 1057
2705 2733
1416 2586
4114 4778
2770 3673
478 2890
1988 3544
4612 1048
4391 1813
4354 2310
2955 2724
2881 3692
561 2817
3784 717
791 3250
1868 4769
2973 1389
4106 2669
4474 469
865 4290
1942 4695
2761 1122
1546 1859
4161 3977
2762 2761
3065 1481
4419 800
4096 1619
4999 4326
1619 4188
2613 4363
3221 523
4290 606
1748 1389
2402 3488
3673 3839
1527 2522
3443 3102
