1427 1694
4401 3315
1409 3969
368 4576
1676 4061
4696 2744
3776 1077
4254 1520
1897 1943
3849 765
3131 4650
4641 976
1759 535
673 875
1584 2616
3500 2975
2266 4071
590 2220
4918 323
4356 848
2229 1640
4605 3177
4696 2220
2385 1492
1188 240
3472 4079
4862 3269
2173 3103
1059 810
3269 4724
27 4493
4898 4825
3784 3867
4097 4309
4576 2136
2790 2946
4282 2385
4069 2946
1160 4502
4981 2587
2983 2458
2421 3876
2762 3526
801 2311
2743 2550
3563 1813
4751 3968
4667 3452
3820 358
3047 3738
1086 2808
3508 718
2384 791
64 2228
4456 1961
699 580
3747 2044
4945 1141
1804 626
1178 349
2053 570
3075 543
138 3112
4217 1731
175 156
1188 1547
4944 4806
3858 4097
2302 2136
3398 4935
313 4991
663 3305
2918 3158
4567 2882
4678 1114
4981 3637
607 1316
3241 1436
4613 4567
3932 2302
4972 801
1197 2458
2357 1372
1583 2154
3130 1721
3259 3047
3673 3581
1629 2135
3203 2107
1619 717
2494 1380
4308 4179
4428 2715
312 929
1058 4759
4004 2862
1739 4363
3810 3525
1692 2982
3285 587
