2697 3968
64 1970
1418 2772
2458 3213
3462 2274
1105 994
3876 3858
1528 3250
958 1077
1639 2901
4807 1418
369 3950
2560 599
3859 4411
221 3288
1271 4033
3011 3785
773 3812
4015 4346
2560 1952
4899 1206
2265 3987
801 3453
313 1068
727 488
3398 4005
2781 3434
3287 1206
1216 1676
2256 2790
2910 4217
4531 2201
3251 1464
4217 645
2486 3444
3656 4292
3085 3012
1078 3693
221 4770
2634 3343
2956 138
1639 2358
636 2035
4604 341
3260 3794
332 184
3628 28
4604 2938
4752 3297
2624 2081
2247 4567
4328 820
2569 3214
452 1778
4577 525
3711 1962
3997 4006
3785 3132
4237 1447
1475 3362
3169 75
793 2432
2156 259
738 2147
1659 4339
2414 3326
2681 4025
4154 3381
3859 1834
3464 2211
84 2819
130 3915
176 4182
728 2238
2146 719
2303 2644
4301 4937
2460 2257
130 554
1695 3648
830 3749
3168 4421
4237 333
1345 3481
1133 157
3509 2063
4835 534
433 931
2505 2542
3776 3877
1281 4770
2330 4927
19 3914
3343 4834
2413 2864
2311 2771
4991 2044
1630 2882
4862 3711
3619 3609
