1427 1694
4401 3315
1409 3969
368 4576
1676 4061
4696 2744
3776 1077
4254 1520
1897 1943
3849 765
3131 4650
4641 976
1759 535
673 875
1584 2616
3500 2975
2266 4071
590 2220
4918 323
4356 848
2229 1640
4605 3177
4696 2220
2385 1492
1188 240
3472 4079
4862 3269
2173 3103
1059 810
3269 4724
27 4493
4898 4825
3784 3867
4097 4309
4576 2136
2790 2946
4282 2385
4069 2946
1160 4502
4981 2587
2983 2458
2421 3876
2762 3526
801 2311
2743 2550
3563 1813
4751 3968
4667 3452
3820 358
3047 3738
1086 2808
3508 718
2384 791
64 2228
4456 1961
699 580
3747 2044
4945 1141
1804 626
1178 349
2053 570
3075 543
138 3112
4217 1731
175 156
1188 1547
4944 4806
3858 4097
2302 2136
3398 4935
313 4991
663 3305
2918 3158
4567 2882
4678 1114
4981 3637
607 1316
3241 1436
4613 4567
3932 2302
4972 801
1197 2458
2357 1372
1583 2154
3130 1721
3259 3047
3673 3581
1629 2135
3203 2107
1619 717
2494 1380
4308 4179
4428 2715
312 929
1058 4759
4004 2862
1739 4363
3810 3525
1692 2982
3285 587
3395 4583
532 2824
3451 1941
1443 3819
1314 1535
771 808
467 2023
1452 1369
246 2566
3598 375
2318 310
2934 1857
338 4233
2612 1636
513 144
2189 642
1820 743
338 4518
3091 4307
3414 642
3524 4924
1296 1148
2428 1075
1913 2235
1416 357
2806 1342
1480 642
467 4703
3543 2318
2079 4464
3838 3340
1241 4970
4620 1765
3082 1167
587 4159
1572 1719
743 512
2612 3514
2787 1369
2298 2934
89 3652
2096 4454
4316 2842
2004 780
2704 2999
1111 3468
4159 2336
3708 1617
3118 4361
3873 4389
4711 1728
3072 1783
2308 4656
4214 2317
788 4444
217 42
484 1792
4425 4849
4793 1018
1561 2592
1312 3034
3430 2380
1266 3448
4424 3908
2757 1091
2380 4691
4590 1137
180 4074
815 3319
2574 2260
2794 226
2702 4848
1754 3890
4074 1929
3605 2923
4608 3337
3135 3696
2950 2260
4976 916
1551 870
2030 4525
4894 2546
520 1404
1100 3209
1505 4553
4166 2610
2657 1505
3356 3282
971 769
806 3826
3706 3669
3642 1008
2150 4323
4323 3577
4526 3605
4167 60
889 3227
4424 1726
1911 1929
1202 4259
