1113 2697
4391 1933
4207 3618
4115 1519
1362 4649
3729 708
303 4106
18 4741
2320 1721
3857 460
2016 1666
4401 4613
3462 2320
4843 1427
4235 1906
4374 1132
2016 2016
2541 3775
3048 957
2081 506
3526 2514
9 1123
2827 1721
2044 847
2127 3084
92 2403
662 690
267 3904
4134 617
1169 3922
1768 2311
1243 27
4502 3416
2560 2587
2688 2560
2219 1455
3287 4465
331 18
1445 1344
2366 331
4797 3784
165 994
2504 4051
4143 349
947 4115
929 2310
3885 4446
1757 1288
1601 1370
2199 2816
1895 3286
3829 1868
3184 3958
2365 3949
2126 1186
2927 2595
4603 3028
1573 1794
3562 2586
413 2733
1076 4022
2641 4713
3268 4317
3056 2043
2899 2650
4732 3369
2181 4962
2384 1564
883 1150
1021 2844
4833 404
4593 3249
2227 533
1352 2558
3525 2927
4170 3460
1315 302
633 4151
1959 2843
376 4731
4133 4170
993 146
3313 1242
2908 4676
2429 4971
2098 3249
809 1987
3534 4298
155 2963
265 1655
4141 1959
836 2935
1149 1590
2005 2014
3736 3018
1682 375
365 1111
2999 1010
1553 2649
4187 2400
4325 1102
734 2557
3193 3036
430 2198
632 4408
964 24
3864 3312
2722 2474
826 4748
3754 3882
1691 3468
3468 1525
1590 4187
2860 3054
4352 2271
1322 1341
1728 70
4803 3514
3146 3026
3882 1166
2234 4195
3772 623
1074 4996
4067 2013
1157 4463
2290 1093
798 3211
2088 826
402 154
670 2345
89 3073
3671 52
1775 752
1001 1756
366 2658
2023 1811
3183 1986
799 743
762 3837
1167 4224
3699 2244
154 909
3100 1848
3082 4453
2142 825
577 3404
1093 669
2888 4573
2925 4905
3975 1544
3026 4997
1295 2271
1231 4002
3063 1599
2787 4260
2787 2842
4241 4868
669 1185
393 1967
3119 4481
4776 4527
3404 3404
1839 4721
3653 3855
1876 3920
1480 191
412 4344
965 2686
2861 3994
1388 1885
4878 3617
2825 1498
2741 1507
3128 2686
264 2502
1885 4749
3294 310
3597 2087
172 4002
3523 172
724 485
1083 365
2308 3727
2493 3285
3193 3405
1664 1627
3386 688
4390 2889
2695 807
3837 4021
4564 4915
2401 4850
2493 163
623 4785
1774 3919
1654 3441
991 2980
3920 4187
2271 4003
3588 2833
