2256 2845
782 1261
506 2265
1050 1114
4236 4144
3610 2818
2016 4337
2376 1906
2744 3591
3849 2219
2422 2238
801 2983
1795 3527
3637 3960
2459 323
3343 3969
2984 3720
525 930
2274 4779
2837 1483
534 1078
2698 470
3112 2947
1004 4061
4060 3839
1178 4686
3001 174
4272 4475
4659 4456
911 2477
488 4024
2523 166
368 4659
1989 4742
801 1565
3250 708
377 745
2651 1574
1694 1952
4797 3922
4309 4963
865 1252
119 1086
4070 1455
2615 1897
2357 2412
1869 2559
957 147
4392 2421
1491 1749
2062 2357
4420 4309
1298 3812
2781 3996
4456 2725
2246 533
2605 1832
2531 3324
1445 1878
2577 1058
3010 1454
2919 313
138 3480
9 82
4180 4318
1685 4990
4917 3811
1077 4815
3498 938
2752 3609
3950 82
4484 2734
4622 1215
3213 1335
4300 3986
791 3507
1021 515
2808 2540
3563 4207
1076 1168
4538 2734
4796 4621
3792 4814
2254 486
44 3516
3221 1306
4833 781
4492 3820
284 3203
4262 2034
1315 2669
192 3194
4704 505
1546 1988
2991 2208
4851 3571
1343 4206
1858 1250
836 3507
4032 1011
4336 3010
3728 1260
3451 256
1555 367
1730 606
1812 2558
4142 3737
1343 1214
4455 146
3847 1453
3792 3046
413 3350
2042 1508
1020 3635
3893 3156
827 4344
3570 3000
3663 1591
4676 4989
873 1987
2641 3912
533 3673
2549 1656
2466 1647
72 2871
4041 45
4630 3507
1499 2181
1168 2245
4658 3387
3553 192
3719 782
4778 4299
3111 1261
4916 3370
441 1988
285 128
1104 4171
4474 4833
2706 1334
957 3443
368 1620
18 2568
451 4014
2983 1730
1021 2301
2587 4788
4733 3858
4466 2937
175 2090
3785 654
3434 635
1998 4825
3563 608
1685 3876
4788 3618
3729 4429
746 101
4806 3259
3020 3397
18 626
515 1455
1501 1768
2164 64
1326 4807
4963 2044
4199 1648
4963 2440
4954 3094
4503 2597
1731 1676
4015 4687
755 1823
3932 1924
1556 3232
451 2201
3370 1842
2596 3149
377 1989
3103 4282
1786 2836
3886 3886
1418 249
3417 4337
3251 1124
1022 930
3453 2726
4365 359
3592 4264
2864 2763
3196 1953
654 47
2165 3822
2671 415
2653 4200
4817 2257
2128 3205
1142 949
544 93
4899 388
