3987 4613
1160 727
700 1869
2283 2817
930 4484
902 718
4134 2744
3619 4125
939 3894
4171 2863
3747 1804
2393 1224
4327 2430
8 1352
3268 2430
312 4769
1205 3654
3608 2448
4584 2982
1057 173
3009 4732
4603 2319
1776 1048
745 1804
2632 2135
929 2126
321 3130
1850 1785
2402 3949
1352 3571
846 3249
993 4501
1334 1987
1775 2033
707 4326
1923 1711
2034 3525
3792 3074
845 2070
3203 3129
2613 3930
3433 1554
3101 4086
2760 1904
735 4952
3184 956
4492 1793
3552 2272
4519 1149
4372 1011
4317 3718
1223 4059
4888 2291
1306 4943
1969 4814
4833 2531
2043 3608
1554 2273
4436 394
2770 1315
3847 1785
2485 4547
2798 3267
1315 183
4731 4013
3268 855
1610 1638
2632 4971
3332 3231
2310 183
2089 4594
1012 3296
2725 3167
3277 4870
3655 1712
2080 3093
4705 1123
717 1316
3590 2936
616 1527
4530 146
3480 818
597 4198
1408 2854
3443 1380
1859 1104
2863 1648
1712 4834
4741 4207
3415 2614
4935 2973
2504 3342
4189 4447
2817 3020
2835 1399
3581 2393
4125 4235
4557 3057
920 3941
4567 3582
4318 1123
1528 2872
377 3434
2081 1132
1675 3296
1068 3710
3544 1602
4658 4658
4437 1776
284 3599
772 4870
73 257
54 1509
3075 1086
4622 3121
763 966
257 2587
340 1399
2163 3848
1306 975
1343 3249
2172 2292
2549 395
4520 4907
561 1463
1850 717
1684 4667
2052 3213
2494 2955
3010 2466
3157 1555
745 4990
3019 2089
2347 2660
2955 17
4907 1896
4410 3378
4594 54
3323 2844
1131 3203
2430 3129
3921 2043
2475 3175
1656 3608
2052 3516
911 736
4078 607
680 4778
4916 2283
588 515
4409 1675
413 4096
1536 3350
4207 4547
680 82
3332 220
1813 3811
1932 4897
4584 1389
4105 1619
1113 3405
3138 4160
4805 1674
1766 136
3331 394
219 4390
412 2852
1084 642
4114 3819
1904 431
1379 90
4418 882
3801 4860
2632 1913
3267 790
3792 302
1103 2143
2585 3589
2806 449
4169 1940
4804 2456
1848 1434
4105 4630
1609 4933
3607 4325
1858 4049
854 2152
965 2327
1204 2410
3156 4740
4335 1941
1812 53
743 4445
2051 4390
3644 1010
3948 2640
2106 1618
4233 4490
3754 1424
4942 4168
