2218 2384
4024 2550
4613 3610
3131 1943
92 3748
2201 4273
820 4116
3960 4936
3002 3306
3665 1538
166 4788
2274 4199
452 3849
1400 4282
2846 1814
562 4853
1133 1418
3619 3564
2689 3297
1769 4006
922 2616
4485 2266
4467 830
3657 2395
4439 516
2708 3619
2450 2560
3260 4577
3932 3638
2091 1852
2229 3850
4457 4347
286 332
599 995
3896 157
3638 3795
876 3030
480 3794
1271 3785
1925 3334
1428 563
507 2846
3518 4586
654 2763
756 388
2063 4283
1032 2202
673 1428
1980 4209
820 1935
3113 618
1668 2717
2717 250
4080 2248
3169 2082
4955 4854
4762 2285
1557 3197
4191 2423
3095 1696
1595 2027
784 4486
3878 996
2654 1503
4247 1484
3031 3648
1088 959
2036 4974
4781 4375
3924 3731
4219 1236
4744 1051
471 830
3022 416
610 187
988 3815
4192 2755
3142 592
2857 2710
1678 4312
3317 4560
2654 4625
1816 104
2765 1200
2664 3050
122 4726
3244 527
177 3437
4883 3161
4929 3732
3741 4570
1384 1347
4220 1651
546 1393
1430 1982
850 3980
4717 997
168 2240
1991 3925
4146 21
1577 702
2203 3143
4082 1817
914 4634
3299 3474
4828 4883
1872 1550
3116 3070
1384 2287
1256 1265
4101 3512
2370 3254
3475 1661
4231 188
925 2951
1173 4009
3355 4396
3788 2481
2840 4663
823 1901
3724 3401
2803 4
4424 2315
3494 4212
326 3816
2490 216
501 1744
1560 492
3908 2149
1790 3024
1928 3604
455 970
2711 3273
2748 4875
4083 1863
482 547
1348 3503
4230 427
1680 4553
869 4323
4976 2665
2831 3946
1395 4341
584 3826
4212 4498
4166 124
1082 925
483 4
2177 3963
3153 1505
2067 2435
2030 4940
3227 4405
1321 3319
3604 4166
2748 2407
2913 4875
1247 4460
4377 3558
4294 3263
1265 1504
2020 2867
1117 1891
3355 160
1089 3668
602 1568
1495 3815
2379 3143
3410 2167
3704 500
3879 2526
3585 1725
2241 2867
3299 2581
2517 1338
1366 4303
1577 2341
3723 2765
4340 3483
2093 3492
233 1319
2028 3584
546 4450
1494 4579
4524 4174
1015 3916
4063 2259
2378 2111
3723 3419
1052 583
3060 426
150 3622
491 1172
3594 2554
4054 2830
1172 12
1255 2185
1559 12
445 472
4303 3889
