2697 3968
64 1970
1418 2772
2458 3213
3462 2274
1105 994
3876 3858
1528 3250
958 1077
1639 2901
4807 1418
369 3950
2560 599
3859 4411
221 3288
1271 4033
3011 3785
773 3812
4015 4346
2560 1952
4899 1206
2265 3987
801 3453
313 1068
727 488
3398 4005
2781 3434
3287 1206
1216 1676
2256 2790
2910 4217
4531 2201
3251 1464
4217 645
2486 3444
3656 4292
3085 3012
1078 3693
221 4770
2634 3343
2956 138
1639 2358
636 2035
4604 341
3260 3794
332 184
3628 28
4604 2938
4752 3297
2624 2081
2247 4567
4328 820
2569 3214
452 1778
4577 525
3711 1962
3997 4006
3785 3132
4237 1447
1475 3362
3169 75
793 2432
2156 259
738 2147
1659 4339
2414 3326
2681 4025
4154 3381
3859 1834
3464 2211
84 2819
130 3915
176 4182
728 2238
2146 719
2303 2644
4301 4937
2460 2257
130 554
1695 3648
830 3749
3168 4421
4237 333
1345 3481
1133 157
3509 2063
4835 534
433 931
2505 2542
3776 3877
1281 4770
2330 4927
19 3914
3343 4834
2413 2864
2311 2771
4991 2044
1630 2882
4862 3711
3619 3609
4051 2523
2753 2072
27 3885
3876 1629
1270 3176
1730 773
1758 1850
4695 1656
4446 1205
4097 1850
1113 202
2264 4465
2467 1813
18 2163
4594 2964
2578 3342
1141 3885
3590 1150
3443 119
920 4124
2163 2062
3977 4254
2421 2071
699 3379
930 607
534 4125
2974 3775
1233 377
4511 2145
3314 2310
4299 4281
4419 2310
1850 1048
2697 1242
3405 265
1692 1002
3129 173
44 4768
1822 4989
2696 1545
1978 3203
2917 4298
652 3396
4216 2061
4547 3571
4759 403
4280 1969
4234 440
136 4252
302 2245
4713 1103
753 1480
4095 4206
53 4786
2079 3165
71 2511
1112 1904
4804 2419
1783 3735
2704 402
2226 4960
4583 4536
2630 715
3349 1829
1839 503
4721 945
807 604
4895 3864
2980 3505
4214 2409
890 4260
1562 1157
2124 632
4251 4840
1875 3303
1783 4260
4094 4988
291 1240
3008 2400
1618 3211
4307 3377
421 670
3211 1756
1452 1987
1581 1655
2696 2613
2383 2171
1904 4344
3690 3533
2198 4095
2410 3534
320 1977
1499 3893
3497 4022
4058 2604
3718 2954
679 4169
3737 3930
2917 4667
1729 2512
