2919 3922
2762 2587
4816 1059
939 2689
2440 2210
4834 1814
359 1851
3904 3121
3140 691
1630 258
1823 4245
3729 1464
4668 764
884 552
4502 2863
3655 359
1933 4659
4567 2992
1316 3720
4152 1648
1648 3066
1767 4742
3314 1997
2274 1491
3608 1095
4437 4548
1076 2043
3452 2292
321 1030
2651 2430
2670 1399
2467 3158
2449 4106
2209 902
2375 4484
837 4106
1160 3434
3673 3821
3434 2255
119 303
3683 1436
183 4622
4318 2541
1123 4364
1169 4999
2799 2485
2126 2246
865 2347
2006 2292
1435 1159
2844 4778
3212 4152
3305 1104
2798 36
4050 680
4953 3903
1067 1131
1039 883
2908 3442
2448 3470
3746 4225
4888 505
2420 1057
2705 2733
1416 2586
4114 4778
2770 3673
478 2890
1988 3544
4612 1048
4391 1813
4354 2310
2955 2724
2881 3692
561 2817
3784 717
791 3250
1868 4769
2973 1389
4106 2669
4474 469
865 4290
1942 4695
2761 1122
1546 1859
4161 3977
2762 2761
3065 1481
4419 800
4096 1619
4999 4326
1619 4188
2613 4363
3221 523
4290 606
1748 1389
2402 3488
3673 3839
1527 2522
3443 3102
26 689
35 1822
266 4722
4520 606
938 4676
146 2365
1582 3921
4225 4215
854 210
2079 3442
1941 329
4583 4639
1407 3267
3497 1922
2254 2254
1582 1932
4721 587
1167 218
3819 660
872 2189
2060 1416
2235 1130
1084 3653
660 3865
4592 3478
3717 4758
1839 4362
2889 476
706 4500
1066 495
2576 4049
265 4307
3718 265
4979 3368
2475 4114
2944 3423
357 1103
3211 4040
919 3700
3221 2180
3746 339
173 542
4612 1287
302 3571
4206 2779
44 1619
2705 1250
53 3276
4169 3424
2061 127
4013 670
412 624
1564 3774
1637 928
1840 1048
3976 1011
4013 1195
1803 209
4629 210
219 4105
983 3543
246 2871
2908 1517
449 1177
431 1904
2218 2208
855 2807
3571 2788
4078 1757
2890 3710
662 524
690 1215
4612 1794
3443 2577
3792 1417
2282 698
1996 1702
532 3111
4980 3129
1720 2355
3092 2954
3267 2208
3543 1950
1895 3709
3147 4943
2945 3930
3497 109
2641 2521
3157 2623
2199 2632
4225 174
827 91
4114 3359
4225 698
2061 4520
1868 4639
2651 3719
1205 2015
3138 1343
1545 4197
