4733 74
313 2403
1796 3020
2366 2514
4595 4585
4125 3545
3011 2891
1584 1270
3600 2550
4337 1583
156 3315
2357 2145
1509 2716
2789 4723
2108 580
1031 3167
2458 2845
662 4162
3443 165
3766 1197
460 2541
2007 469
617 2173
773 1197
2863 1049
2504 3176
3720 3554
1234 1473
4981 3231
2587 349
4023 1224
276 2090
3839 1804
1795 2016
2669 1564
4354 4326
2439 2632
726 8
3369 3645
542 63
3654 4142
1462 3387
2475 3120
1776 1647
2420 1942
3967 2337
3590 717
2982 671
1886 625
1619 72
3562 3655
82 3498
3157 1500
864 3341
3544 671
247 4106
2153 4971
2052 2632
1380 1564
468 4455
2319 4668
644 2292
3738 966
266 368
4870 3295
3259 2025
1924 4520
1030 3471
874 782
1887 2458
966 3388
2937 3490
3029 810
3757 4171
2919 939
2090 2182
2191 1750
3278 3048
3729 774
1916 1925
4172 4531
2625 4070
28 4043
3951 1106
4144 1355
4596 1704
3951 4688
599 3536
1335 3334
3987 783
3638 1207
2836 3223
2459 4660
1916 2211
4651 2358
682 4881
1676 3638
3739 1823
1547 3380
3730 101
2422 4871
194 267
1676 2827
2026 4568
424 1290
3656 2487
3491 1502
1520 1382
3491 3951
4752 3104
4559 2395
536 4108
4799 2672
628 757
1033 3979
812 3105
4256 3823
2598 2884
1503 149
2405 1585
3740 1254
2230 1042
398 1521
3832 1567
361 665
1548 499
3556 1088
4698 48
4321 1705
1595 748
1015 3722
2636 730
3290 4689
3897 997
3382 4017
2065 3097
399 3575
841 1218
1264 3170
86 2452
3972 3962
297 1080
4856 4994
197 905
1937 2821
2296 1587
3392 4911
1541 4239
4644 3677
169 1550
961 3926
2498 4017
1541 1707
813 509
4561 2793
3400 4183
2590 1494
2424 380
131 2590
4045 4349
3814 4219
4146 3105
3188 3418
3630 3897
1457 2111
2267 3603
1706 3391
2267 481
3823 4302
1908 2304
1779 1742
3197 2083
2847 122
1632 2064
1871 2884
1134 4072
3289 3988
2773 3141
4679 2368
3059 407
2129 2829
39 1706
113 4385
1549 3777
1282 20
4901 3068
1365 4266
463 1126
4947 499
4671 1374
4891 2396
4864 4459
2433 3538
1052 4496
4477 509
868 4265
4127 3179
3418 1623
1457 2719
4256 4634
