4595 74
3425 2873
3112 2514
3232 1289
4870 1104
312 404
192 1933
1970 211
2909 4207
708 902
2790 4760
4576 4033
3682 1196
3747 1104
3434 2974
3812 1823
4677 1943
156 2606
617 4677
4410 1326
4594 9
764 1537
1583 4686
2485 1647
54 745
1610 1813
3047 312
469 2853
3268 3498
3038 3811
4004 524
1260 1647
3351 1721
809 339
3710 3544
2126 1260
533 3065
1371 3305
4796 957
2550 4023
754 4290
1068 1592
884 377
727 681
4143 3462
368 1758
2891 4981
2063 2118
4475 387
1381 4089
3683 3011
0 4153
4485 10
571 350
894 3039
2044 3960
1704 1040
2367 230
3997 3674
3453 3472
4383 3960
3122 4586
497 3803
2680 3951
2514 589
1869 2459
3232 1114
1464 368
1519 2293
3536 2523
1961 3011
2117 2338
2624 128
3489 552
2384 4152
4069 4520
542 4548
4742 211
3480 165
1206 2016
4254 2587
2983 2983
4180 64
1703 3591
4291 3821
3241 543
2826 2780
4456 3839
3342 3406
4732 3121
3121 2071
4604 902
239 2836
985 4944
1970 1979
4751 1344
3710 3066
303 2744
672 1814
2348 828
617 1464
4189 3573
608 4659
4309 3462
2376 4355
1786 2992
9 1878
1666 1620
1878 2716
4088 580
3379 1648
2431 4419
4466 2421
1648 2873
55 2449
635 2615
4521 4493
2081 1040
4705 1233
3471 322
4354 4732
828 202
818 4004
2771 4612
1988 901
4668 1878
487 3830
506 3996
1031 2393
3056 4042
2191 257
4659 966
2919 2265
2780 939
202 2808
3508 1399
4300 1979
4162 2449
2946 3628
1197 3573
3011 3011
4650 1169
635 737
2247 3269
2127 3904
1437 3325
1713 74
2662 728
1925 4595
1014 305
2487 1824
4945 4328
2717 2496
3785 4982
4751 1261
3112 1620
764 2587
4051 3545
3305 4207
1905 1786
4585 1648
119 3250
2634 3030
406 433
4641 2045
2846 1575
848 175
157 1713
3149 663
3435 3610
2275 3500
2321 1078
3886 967
4540 534
1824 2717
4070 2643
3113 3168
4632 2920
213 2257
4292 1769
2717 3896
4237 2533
4688 1834
1732 1115
2405 2404
1290 1005
968 3776
3390 793
111 2165
1972 1042
4357 4734
2469 3362
3445 1576
2009 4872
1106 1953
3408 2662
4660 1364
627 2340
572 4761
1999 2431
