2974 3075
2578 1003
966 4733
4631 2228
3738 1178
3582 3490
4595 166
3674 1096
645 1197
737 3518
1464 1879
626 3647
4798 4890
4899 4457
986 756
1437 3481
4623 4632
1879 2239
332 1778
2736 1751
1659 3813
1852 4062
2303 4412
1659 2395
3307 1244
4043 1041
1695 3491
1345 3914
544 931
167 2367
4624 4918
2358 65
3390 2588
4384 1345
1447 4531
4255 1087
1437 2809
129 2579
2901 2975
4384 535
4734 2275
3132 3997
1364 194
1198 4209
4228 4090
1199 1659
2460 812
2267 103
3243 1816
2507 380
3336 3464
3740 1687
3519 812
1963 1531
306 591
4210 2857
113 4293
1448 3962
4938 3750
3105 4229
1540 4275
3068 3372
4256 3206
1263 3796
2405 2755
2028 4413
4303 3455
3722 1430
343 3437
997 2397
1605 3705
1090 1725
4773 804
3106 1283
3548 3926
3972 878
2793 160
1679 1670
3005 3788
2563 2701
2904 3613
4644 528
3 4294
1099 2618
4248 1946
2352 1385
2877 4258
3668 1633
206 1725
4248 4414
3521 3217
2268 500
1108 1891
298 4202
132 3087
2839 297
1752 2056
1522 1927
1853 813
896 1126
1338 1605
4165 4818
4975 1310
4413 1098
4975 3188
1531 2010
4616 12
4487 4450
905 4791
555 2829
4339 4772
4578 592
3842 1779
996 1696
481 849
2386 75
766 3114
4836 536
2746 4413
2820 2093
4257 1485
3990 2728
2608 776
4073 1973
3170 3833
2655 3207
2378 4081
2599 104
2571 2166
141 1246
3760 2204
2185 3216
3575 1973
1835 886
1126 4330
4164 426
1964 2342
2019 2691
334 4947
187 1596
4911 1706
3143 2010
666 2636
3345 270
3465 1642
1596 960
4330 2001
2829 3225
4487 4386
3400 3612
4183 159
3750 288
76 702
610 3658
4164 232
4136 3648
2746 4523
3409 1337
1208 1457
4744 2341
2957 3086
1788 1033
4891 3767
1391 839
553 3721
10 314
2616 424
1612 2560
4853 479
3969 3472
848 3343
3564 2800
2837 2496
4052 3481
3398 2275
4595 626
2403 4346
2339 4963
3886 2366
1261 4641
3665 2541
2173 4217
2670 3849
2772 2367
1547 120
1335 442
2671 553
1952 3324
3177 4457
3103 3941
4264 3444
2385 4835
3371 3509
2671 2496
1732 571
4347 4107
1493 866
369 3269
1999 1648
3794 111
