109 123
106 54
214 496
331 418
296 34
447 105
476 5
122 364
177 362
3 440
366 380
349 454
321 480
486 304
361 181
381 282
326 164
411 423
360 413
455 412
253 158
92 166
264 339
253 105
469 223
488 211
410 303
55 474
361 41
21 256
174 361
281 371
321 461
187 419
433 364
188 421
428 135
379 471
325 489
36 252
392 476
338 39
128 84
274 374
385 381
123 482
9 459
18 274
40 331
354 450
382 214
223 149
200 277
310 452
239 71
192 147
217 28
100 17
388 15
171 203
441 199
482 325
188 487
83 345
460 133
286 204
367 495
181 271
79 348
262 152
282 185
104 125
398 271
20 459
201 208
371 268
337 244
128 290
6 371
7 178
8 208
81 278
93 393
125 175
230 481
489 124
174 220
195 299
90 307
396 69
49 39
351 126
312 328
447 416
290 56
47 129
339 183
9 184
353 308
311 141
476 480
394 410
410 127
402 291
77 356
301 473
65 68
383 377
87 378
80 328
207 65
225 269
221 475
278 124
250 434
313 75
265 343
72 418
492 53
5 476
53 289
200 163
3 452
219 315
360 216
499 351
490 224
164 243
330 322
98 301
385 328
499 39
218 331
160 472
157 97
258 295
8 182
327 22
104 92
94 141
252 145
360 155
115 20
371 264
365 138
308 287
66 316
11 362
248 83
222 224
405 93
380 92
408 424
416 340
196 242
210 33
159 208
499 96
81 90
366 286
145 477
434 237
376 162
82 397
383 332
219 62
477 415
454 491
234 250
189 6
418 158
499 478
318 468
25 496
326 461
205 244
475 196
468 56
353 136
99 50
12 298
114 182
297 164
295 438
249 373
414 212
130 383
273 313
470 2
457 475
147 276
402 145
430 268
401 390
36 164
