21 24
21 10
42 99
66 83
59 6
89 21
95 1
24 72
35 72
0 88
73 76
69 90
64 96
97 60
72 36
76 56
65 32
82 84
72 82
91 82
50 31
18 33
52 67
50 21
93 44
97 42
82 60
11 94
72 8
4 51
34 72
56 74
64 92
37 83
86 72
37 84
85 27
75 94
65 97
7 50
78 95
67 7
25 16
54 74
77 76
24 96
1 91
3 54
8 66
70 90
76 42
44 29
40 55
62 90
47 14
38 29
43 5
20 3
77 3
34 40
88 39
96 65
37 97
16 69
92 26
57 40
73 99
36 54
15 69
52 30
56 37
20 25
79 54
4 91
40 41
74 53
67 48
25 58
1 74
1 35
1 41
16 55
18 78
25 35
46 96
97 24
34 44
39 59
18 61
79 13
9 7
70 25
62 65
89 83
58 11
9 25
67 36
1 36
70 61
62 28
95 96
78 82
82 25
80 58
15 71
60 94
13 13
76 75
17 75
16 65
41 13
45 53
44 95
55 24
50 86
62 15
53 68
14 83
98 10
1 95
10 57
40 32
0 90
43 63
72 43
99 70
98 44
32 48
66 64
19 60
77 65
99 7
43 66
32 94
31 19
51 59
1 36
65 4
20 18
18 28
50 29
72 31
23 4
74 52
73 27
61 57
13 63
2 72
49 16
44 44
81 18
76 18
81 84
83 68
39 48
42 6
31 41
99 19
16 18
73 57
29 95
86 47
75 32
16 79
76 66
43 12
95 83
90 98
46 50
37 1
83 31
99 95
63 93
5 99
65 92
41 48
95 39
93 11
70 27
19 10
2 59
22 36
59 32
59 87
49 74
