183 2
137 114
124 100
129 51
194 44
12 16
7 77
78 8
116 168
28 36
111 190
183 161
147 47
149 44
137 118
152 72
187 77
6 104
24 187
176 53
183 0
30 61
63 187
99 65
2 29
64 72
121 12
18 114
130 139
121 152
160 20
50 65
134 68
32 13
148 141
85 50
21 122
54 132
191 38
102 160
30 171
42 63
35 15
29 27
165 138
14 70
115 199
82 84
179 15
55 163
147 120
0 166
179 0
22 14
35 121
81 158
68 41
94 9
159 146
138 138
175 158
124 183
19 152
107 158
100 23
74 98
129 44
58 14
60 91
141 100
78 120
84 93
104 5
139 22
95 166
162 180
21 181
189 8
139 6
48 80
170 103
119 119
167 2
68 143
171 152
129 21
113 111
178 153
133 136
189 124
124 82
184 36
9 113
39 197
78 79
190 53
148 122
12 109
26 72
93 33
24 58
167 142
24 186
172 138
95 174
71 119
0 75
66 64
75 108
163 23
135 65
97 176
178 96
65 114
2 97
25 104
180 179
83 41
188 49
138 12
174 189
33 8
32 160
110 184
79 36
186 75
19 153
20 159
41 95
122 161
87 10
186 38
116 90
111 37
8 112
140 55
172 79
166 97
117 145
47 142
120 120
186 46
25 29
89 130
85 156
57 133
68 2
106 29
77 183
40 12
99 72
197 173
108 99
151 199
190 50
124 64
30 103
162 141
132 168
76 71
183 65
4 130
105 121
16 17
185 81
113 63
33 7
6 68
125 26
137 144
91 140
92 43
155 38
181 21
72 108
162 105
124 126
185 116
8 90
171 70
108 155
169 101
187 73
69 44
96 96
51 40
38 151
135 31
4 86
78 41
174 189
98 134
137 63
80 194
44 78
136 106
186 54
25 93
22 190
79 97
