159 184
46 29
28 74
91 112
37 179
36 28
165 109
144 165
37 155
166 114
149 72
95 48
173 97
0 54
130 97
12 190
48 146
144 97
183 119
42 6
120 189
184 92
71 41
29 72
105 85
37 85
12 125
74 71
96 157
54 142
33 129
39 180
53 79
71 81
28 173
76 68
81 141
151 122
33 82
128 125
104 157
137 62
124 163
110 76
29 198
127 38
179 71
142 90
180 45
174 40
172 148
48 162
195 91
52 197
78 192
193 101
81 144
62 90
177 15
110 52
153 71
99 181
111 130
52 7
189 160
130 34
64 65
105 198
133 129
92 7
83 183
40 131
109 126
131 194
146 68
83 123
188 44
28 52
143 117
24 61
181 5
139 32
23 167
56 114
137 55
74 44
114 65
68 193
189 168
136 104
197 118
100 133
167 177
112 120
113 55
143 95
165 169
182 122
36 157
182 143
172 44
61 114
15 137
83 45
67 131
42 148
141 64
186 186
177 71
11 143
30 194
2 10
2 60
123 43
184 124
30 38
10 103
13 55
86 153
52 39
53 129
86 91
101 15
180 196
22 58
74 28
67 186
82 128
99 118
120 98
126 62
29 199
120 83
93 106
118 0
196 75
176 135
183 2
132 113
45 128
97 125
156 81
99 127
66 144
82 140
36 29
163 24
27 191
196 91
23 20
176 67
16 163
61 134
168 181
27 3
133 8
72 152
77 195
183 55
164 64
44 136
125 166
192 66
70 5
133 15
8 175
16 114
43 25
164 152
76 17
55 3
176 35
152 194
105 76
130 31
151 12
44 85
103 143
112 17
166 77
192 98
73 57
164 185
64 197
144 173
74 161
34 86
38 93
48 96
126 189
173 77
72 2
29 177
82 175
145 40
157 105
84 64
169 179
150 56
197 166
