107 158
2 78
56 110
98 128
138 90
44 39
155 154
61 130
38 43
65 116
192 56
14 158
102 23
154 176
8 131
50 161
120 151
30 152
160 173
102 78
195 48
90 159
32 138
12 42
29 19
135 160
111 137
131 48
48 67
90 111
116 168
181 88
130 58
168 25
99 137
146 171
123 120
43 147
8 190
105 133
118 5
65 94
25 81
184 13
130 151
13 7
145 1
184 117
190 131
104 83
89 182
173 32
102 128
18 71
183 21
148 78
159 160
151 125
169 57
59 134
126 3
31 97
86 10
29 85
66 173
96 133
107 161
166 135
154 73
138 88
3 112
5 156
7 167
29 89
85 28
92 105
172 197
98 90
5 22
67 145
33 149
126 176
169 13
53 139
45 6
140 82
193 21
17 37
100 101
151 155
51 190
93 197
0 156
133 193
96 114
92 110
199 81
65 115
194 148
144 144
162 100
110 82
1 155
155 65
50 127
69 30
70 74
187 66
177 48
163 74
44 8
90 178
98 72
0 86
183 118
103 133
45 155
143 46
137 4
36 164
86 82
159 170
96 82
27 135
37 24
21 165
118 151
49 15
180 85
132 92
171 171
176 92
74 41
107 49
136 10
67 40
125 6
1 190
72 199
107 61
79 128
116 171
26 135
168 82
181 142
190 16
171 78
169 17
5 170
12 89
188 44
30 59
163 168
2 191
83 126
2 100
44 76
192 96
71 149
108 16
89 198
183 181
105 28
133 73
73 20
188 37
32 24
195 154
119 140
168 96
35 170
62 46
84 25
170 193
75 132
71 170
163 199
11 49
120 96
64 128
172 135
16 26
128 70
58 79
63 66
107 104
95 86
76 173
147 141
87 163
96 141
12 79
59 155
139 160
162 104
148 118
27 166
149 157
116 186
69 100
