45 107
177 77
171 144
168 60
59 185
155 28
19 164
8 189
101 68
164 18
91 66
188 184
151 92
193 107
170 126
176 95
83 130
105 201
126 88
89 70
148 150
8 94
122 118
91 83
96 173
15 146
39 77
10 256
166 124
48 256
73 192
53 101
185 236
108 203
114 202
96 158
140 278
23 100
68 153
106 113
204 251
6 189
101 312
167 163
40 314
41 242
160 327
76 201
71 204
95 262
84 281
163 224
138 308
106 307
98 197
117 303
185 321
64 271
145 303
20 309
48 360
111 388
137 372
130 281
124 306
199 334
98 398
107 262
48 246
40 363
194 266
185 379
92 271
58 352
146 367
172 388
59 262
33 416
87 363
25 439
176 416
51 255
145 299
116 487
98 498
85 429
35 379
145 471
11 418
16 366
172 378
41 417
54 363
90 380
160 420
79 315
27 344
119 390
63 455
169 446
176 394
33 452
132 471
23 437
32 526
46 350
163 482
118 448
44 539
162 505
80 488
138 461
64 567
116 522
177 490
56 453
74 402
198 540
132 521
163 446
98 567
160 424
53 599
174 480
59 578
91 493
32 578
85 483
19 456
30 543
8 572
152 452
78 480
48 520
23 556
90 522
138 529
43 479
43 603
46 668
148 589
8 536
127 573
127 678
90 533
29 636
50 526
123 682
126 696
169 561
132 699
63 590
62 660
122 613
112 720
113 663
172 744
30 597
20 628
130 729
198 731
144 686
82 738
156 704
86 706
71 557
29 723
38 707
115 759
57 675
198 744
117 659
114 660
131 707
17 700
83 789
140 612
153 683
17 760
152 606
41 619
43 664
93 799
101 781
130 786
70 715
140 677
181 765
114 682
161 810
191 846
106 844
110 656
36 841
83 806
66 837
40 819
158 867
93 860
147 813
