160 184
48 29
31 74
95 112
42 179
42 28
172 109
152 165
46 155
176 114
160 72
107 48
186 97
0 104
131 147
14 240
51 196
148 147
188 169
48 56
127 239
192 142
80 91
39 122
116 135
49 135
25 175
74 171
97 257
56 242
36 229
43 280
58 179
77 181
35 273
84 168
90 241
161 222
44 182
140 225
117 257
137 212
125 313
112 226
32 348
131 188
184 221
148 240
187 195
182 190
181 298
58 312
206 241
64 347
91 342
193 301
82 344
64 290
180 215
114 252
158 271
105 381
118 330
60 207
198 360
140 234
75 265
117 398
146 329
92 257
84 433
42 381
112 376
135 444
151 318
89 373
195 294
36 302
152 367
34 311
192 255
151 282
36 417
56 414
138 355
76 344
117 365
72 493
194 468
142 404
204 418
108 433
176 477
122 420
124 355
155 395
178 469
182 472
37 507
184 493
175 394
65 464
20 487
89 395
74 481
50 498
150 414
196 536
188 421
23 493
43 544
2 410
3 460
125 443
187 524
34 438
15 503
19 455
93 553
60 439
62 529
96 491
112 415
192 596
35 458
74 478
68 636
84 578
102 568
124 548
131 512
35 649
127 533
101 556
127 450
206 525
187 585
195 452
145 563
45 628
98 625
158 581
102 627
70 644
87 640
42 529
170 524
35 691
205 591
33 520
187 567
28 663
74 634
168 731
28 553
135 558
75 702
81 745
188 605
170 614
51 686
133 716
201 616
80 555
144 565
20 725
29 664
43 625
165 752
78 617
58 603
180 635
157 794
111 676
137 631
159 612
53 685
113 743
123 617
178 677
205 698
73 707
165 835
66 847
147 823
78 811
39 736
44 743
55 746
134 839
182 727
82 652
40 827
94 825
158 690
157 805
85 764
171 879
153 756
201 866
