91 113
33 50
23 90
46 44
174 165
150 112
87 173
103 76
118 143
163 88
107 89
44 119
84 141
145 208
99 62
135 208
122 198
25 87
95 241
119 109
28 93
115 68
133 167
50 212
173 203
59 237
133 56
170 279
187 278
38 199
22 260
104 106
19 286
85 289
39 162
138 128
24 129
116 162
78 178
203 256
185 298
34 200
5 193
164 208
107 225
98 246
79 252
44 155
182 246
67 219
91 244
186 322
62 302
123 309
191 259
89 221
105 273
103 332
60 275
107 242
125 258
122 212
12 339
8 203
176 372
77 399
207 352
55 392
152 237
110 394
159 253
181 359
187 298
132 303
177 409
37 390
47 270
120 351
151 418
53 296
192 359
203 434
164 442
90 319
2 440
130 352
196 331
183 452
16 428
176 381
59 406
15 427
197 320
71 379
130 388
206 442
66 468
74 400
34 490
163 390
176 470
153 400
143 360
68 364
76 374
80 452
174 499
63 398
189 355
165 408
164 471
16 534
82 460
42 545
158 526
37 573
147 520
152 463
194 599
42 479
114 556
31 546
112 466
110 465
15 514
161 451
186 590
61 537
49 539
190 585
147 457
154 481
198 621
132 500
205 584
27 529
22 455
56 616
191 643
108 553
39 637
16 564
3 602
22 660
124 569
46 592
110 691
197 654
187 617
17 583
162 526
149 525
92 693
142 574
68 705
193 694
152 727
33 554
197 680
126 685
7 575
28 608
69 620
96 552
64 742
210 631
180 615
198 697
199 723
182 703
72 667
164 787
35 672
163 676
69 729
26 688
143 673
113 725
26 679
136 771
84 713
155 805
57 659
138 823
133 694
44 687
143 759
180 664
150 820
122 760
136 728
36 651
97 802
118 666
119 818
192 790
86 828
47 737
24 703
199 715
