58 67
178 132
59 158
18 183
72 162
193 109
158 43
178 60
84 77
163 30
136 186
197 39
83 21
26 85
64 154
142 169
93 212
27 138
201 62
180 83
96 115
192 177
196 138
105 109
58 59
150 213
207 180
86 224
43 132
132 288
4 279
199 293
156 254
169 272
190 185
119 217
180 195
172 217
57 280
211 203
132 198
96 305
111 291
34 242
112 252
146 222
195 308
192 288
159 164
129 299
52 262
150 178
106 181
14 239
191 228
27 223
150 281
199 245
75 225
51 213
87 222
129 221
12 324
176 269
16 206
57 261
208 392
166 363
105 285
135 447
13 449
28 382
119 376
186 365
192 294
205 395
31 302
137 307
193 432
167 342
209 282
59 348
107 304
63 386
126 368
132 421
149 443
69 385
133 384
70 328
106 355
180 467
186 408
22 337
53 490
172 414
82 474
152 491
68 469
133 373
138 533
25 462
143 427
63 502
59 411
38 382
27 430
68 404
20 452
155 365
105 362
117 474
14 569
106 465
23 405
91 425
77 429
19 580
130 572
144 425
149 596
61 445
108 443
88 489
69 414
112 503
60 475
20 638
144 542
87 628
158 583
55 648
191 520
131 496
32 616
72 518
40 470
116 590
124 504
91 617
4 646
85 678
175 613
84 531
113 619
50 638
173 593
156 564
133 674
164 675
199 569
134 571
105 686
168 642
32 727
10 551
22 621
181 743
196 590
68 653
59 671
145 645
59 687
186 706
121 593
107 737
196 595
7 762
33 732
104 690
114 609
112 793
75 755
168 677
151 716
192 733
134 747
128 690
210 636
74 634
94 781
195 751
21 706
46 778
63 832
170 754
111 710
140 781
45 680
40 803
157 796
155 690
97 822
184 793
194 794
166 702
36 829
178 769
79 777
52 870
