184 2
139 114
127 100
133 51
199 44
18 16
14 77
86 8
125 168
38 36
122 190
195 161
160 47
149 94
138 168
154 122
190 127
10 154
29 237
182 103
190 50
38 111
72 237
109 115
13 79
76 122
134 62
18 214
131 239
123 252
163 120
54 165
139 168
38 113
155 241
93 150
30 222
64 232
202 138
114 260
43 271
42 213
36 165
31 177
168 288
18 220
120 349
88 234
186 165
63 313
156 270
10 316
190 150
34 164
48 271
81 358
69 241
96 209
162 346
142 338
180 358
130 383
26 352
115 358
109 223
84 298
140 244
70 214
73 291
141 350
79 370
86 343
107 255
143 272
100 416
168 430
28 431
197 258
148 256
58 330
181 353
131 369
180 252
68 443
172 452
131 321
116 411
182 453
138 436
195 424
131 382
192 336
18 413
49 497
89 379
202 353
161 422
12 459
27 422
95 383
27 408
171 492
29 536
178 488
102 524
79 469
9 425
76 414
86 458
175 373
148 415
97 576
179 496
67 514
5 497
29 504
185 579
89 441
195 449
146 412
183 589
43 408
43 560
122 584
92 436
186 525
20 603
22 609
44 545
126 611
92 460
192 488
123 540
119 487
17 562
150 505
183 529
178 547
130 595
47 642
121 620
188 546
28 529
93 630
90 656
63 633
75 502
114 529
86 683
50 512
110 572
209 673
121 599
151 749
191 600
126 614
33 653
166 691
137 718
82 621
190 615
12 680
114 671
26 567
196 631
125 613
46 557
6 668
126 626
139 744
94 740
96 643
160 638
187 621
79 708
170 705
133 726
195 716
19 690
183 670
121 755
169 751
188 723
71 694
99 746
55 690
43 801
141 681
11 736
86 691
183 839
108 784
148 713
92 844
57 728
136 806
187 754
27 793
25 890
83 797
