89 95
162 102
187 144
129 77
8 149
94 170
39 164
166 197
129 132
156 61
17 191
102 167
31 153
56 221
114 122
24 244
48 106
148 192
112 181
76 210
43 154
187 140
187 83
156 145
188 70
120 194
111 152
130 283
158 245
85 174
92 254
182 273
16 113
29 139
162 106
153 251
44 221
29 251
61 251
89 233
70 122
20 263
141 333
28 260
33 165
86 321
46 238
32 207
86 318
40 227
133 174
76 258
119 160
175 239
139 233
198 394
191 291
64 327
170 296
127 267
68 281
37 379
162 239
114 260
178 259
131 345
54 238
93 398
204 375
156 399
169 299
191 292
21 283
124 266
29 257
45 402
174 360
133 273
123 358
77 422
143 432
118 435
85 254
110 348
107 422
6 489
132 321
11 437
200 426
203 449
156 482
63 353
177 366
31 355
68 379
46 459
201 339
6 439
80 507
167 350
66 378
92 475
168 422
42 535
138 488
201 545
83 412
134 472
66 441
62 400
177 490
94 530
140 466
171 407
40 518
50 560
139 575
157 499
120 586
40 476
157 536
122 400
187 492
151 568
26 552
99 458
21 519
64 469
159 535
75 570
82 594
24 488
115 580
117 645
172 524
29 471
64 590
181 467
80 632
34 672
200 606
115 657
58 673
27 653
173 679
172 504
50 537
27 500
96 658
136 560
93 597
93 697
142 676
52 682
145 716
111 646
119 745
53 728
180 692
177 680
57 610
88 664
53 625
144 556
54 696
36 612
72 702
95 725
137 686
150 620
158 701
147 669
94 714
137 703
107 653
62 772
72 693
158 710
184 739
95 739
22 652
81 793
22 828
61 833
183 816
44 806
167 740
101 734
155 786
50 673
131 667
16 794
30 696
155 752
175 763
46 700
51 787
64 700
20 718
176 855
