117 156
112 103
195 42
41 107
102 88
199 72
21 74
164 124
134 27
75 10
83 169
161 58
199 30
35 72
181 164
148 64
80 236
186 169
57 198
172 115
72 172
78 239
141 129
100 109
155 93
189 231
56 131
138 191
13 141
108 197
109 155
102 226
102 264
94 136
102 279
41 264
55 237
156 252
148 190
16 112
160 157
7 334
173 251
46 324
49 349
115 249
90 239
40 243
87 241
65 196
122 341
138 316
143 194
123 151
175 177
198 356
43 245
43 235
119 337
101 338
154 369
201 220
103 242
116 309
65 303
174 391
121 346
31 315
92 341
184 291
176 322
176 342
121 358
119 397
27 362
157 278
38 380
82 440
127 305
174 356
189 268
46 421
90 437
110 344
62 374
168 459
113 410
126 359
181 332
169 364
206 473
72 467
113 474
138 320
182 324
81 355
109 439
146 503
62 450
139 474
4 377
5 422
15 538
186 374
44 537
13 444
72 506
179 518
45 358
95 487
90 363
183 585
57 530
141 476
93 490
67 477
193 423
52 408
159 426
42 487
91 456
99 445
54 546
38 554
196 539
148 640
74 624
117 469
31 630
46 469
108 611
16 622
155 460
207 584
108 614
127 586
25 494
140 611
49 598
128 587
150 513
8 521
187 551
16 642
173 611
7 564
115 550
10 631
175 636
92 505
171 526
28 524
75 650
65 587
74 591
161 590
163 597
76 558
190 558
14 714
46 691
17 664
125 610
27 597
28 626
100 638
47 662
142 711
164 670
117 748
29 620
31 648
189 671
143 703
158 656
99 627
88 668
31 724
210 725
80 694
136 718
130 738
142 728
77 798
128 847
121 807
144 654
111 750
133 754
95 755
178 656
43 653
175 784
181 677
95 830
74 885
107 848
50 780
128 753
65 867
