190 2
14 96
74 120
98 100
188 183
171 141
127 115
71 50
153 102
183 63
17 132
106 85
73 108
111 238
85 73
43 176
101 163
30 216
142 56
156 97
25 151
88 68
33 136
40 97
125 91
112 177
161 192
49 158
200 229
105 113
163 148
15 183
158 172
77 180
113 162
182 273
106 205
39 100
145 245
33 102
159 265
58 285
100 274
73 215
99 227
162 243
148 178
125 176
82 175
72 152
151 296
13 289
137 210
46 283
154 176
9 364
87 398
84 305
58 262
22 378
97 386
31 291
156 238
18 214
203 331
140 281
87 380
53 338
47 231
75 348
39 385
119 389
124 282
154 416
121 287
89 337
94 320
139 371
158 280
86 327
177 431
117 412
14 411
158 344
166 354
185 368
161 487
27 441
58 433
165 331
152 348
121 428
107 486
86 388
197 394
39 495
80 445
149 422
62 485
151 354
99 544
11 360
72 463
87 532
23 401
154 449
148 410
70 405
150 508
202 474
195 445
21 564
192 506
27 430
44 559
36 524
175 552
109 515
67 405
104 463
158 450
99 441
26 460
165 462
27 426
61 469
143 493
189 451
175 518
67 479
45 598
111 479
138 637
163 489
144 610
92 573
26 593
45 498
63 576
3 598
159 658
13 543
197 699
11 536
82 612
97 563
142 696
69 669
194 647
16 562
49 657
111 660
74 568
32 570
183 661
138 717
106 609
100 565
10 653
167 723
159 718
173 674
136 686
155 705
69 634
102 694
81 685
90 619
153 772
78 692
74 669
131 683
118 604
71 682
81 715
53 762
140 759
120 725
198 694
134 616
98 713
1 718
5 825
63 801
54 650
200 772
59 820
24 695
204 669
194 704
204 745
204 828
108 791
54 829
192 670
34 870
166 827
138 764
61 808
174 885
