108 158
4 78
59 110
102 128
143 90
50 39
162 154
69 130
47 43
75 116
203 56
26 158
115 23
154 226
9 181
52 211
123 201
34 202
165 223
108 128
202 98
98 209
41 188
22 92
40 69
147 210
124 187
131 148
49 167
92 211
119 268
185 188
135 158
174 125
106 237
154 271
132 220
53 247
19 290
117 233
131 105
65 244
26 231
186 163
133 301
17 157
150 151
190 267
197 281
112 233
98 332
183 182
113 278
30 221
196 171
148 278
160 360
153 325
172 257
63 334
131 203
37 297
93 210
37 285
75 373
106 333
118 361
178 335
167 273
138 338
4 362
7 406
10 417
33 339
90 278
98 355
179 447
106 340
14 272
77 395
44 399
138 426
182 263
53 439
46 306
142 382
196 321
21 337
105 401
157 455
58 490
101 497
9 456
143 493
107 414
104 410
212 381
65 465
195 498
146 494
165 450
114 432
6 505
161 415
57 477
77 380
79 424
197 416
188 398
175 424
57 358
90 578
99 472
2 486
186 518
107 533
50 555
149 446
144 404
44 564
95 482
169 570
107 482
39 535
50 424
21 615
119 601
51 465
183 535
136 542
176 621
182 542
81 491
115 499
145 460
77 490
136 456
13 640
85 649
107 561
80 628
118 671
29 635
172 582
186 642
196 516
178 578
177 517
14 670
22 589
199 544
42 559
176 668
2 741
84 676
4 650
47 626
196 646
76 699
114 566
96 748
191 731
114 578
143 623
84 570
200 587
45 574
195 754
120 740
170 696
38 770
66 646
89 625
176 793
82 732
79 770
172 799
21 649
131 696
76 728
185 735
16 676
129 720
60 729
66 716
111 754
100 736
82 823
154 791
95 813
105 791
22 729
70 805
151 810
175 754
148 818
28 866
151 857
119 886
73 800
