119 123
105 40
41 189
189 89
154 47
149 139
190 6
154 43
34 47
39 140
69 75
37 145
204 195
195 228
40 80
59 189
187 235
79 139
18 121
115 120
73 202
82 212
101 226
76 145
143 99
173 91
80 189
53 256
22 137
8 194
187 296
98 102
140 203
181 153
64 281
178 143
66 212
15 203
127 219
187 121
202 191
125 309
55 157
49 318
172 313
51 216
103 182
96 154
136 222
108 165
142 288
159 217
151 182
90 211
25 173
168 314
5 371
59 358
200 350
128 369
66 371
128 334
177 328
58 351
105 310
91 376
183 338
160 257
26 337
39 345
65 398
45 319
193 282
128 301
146 407
164 285
118 256
75 316
129 401
112 358
127 394
197 271
13 421
43 404
170 377
96 355
118 470
150 365
13 369
175 476
147 428
98 320
53 375
21 468
16 423
125 311
83 382
60 427
75 382
37 395
56 414
170 542
204 402
182 393
206 477
69 430
193 350
189 528
47 541
34 463
186 540
183 423
154 471
41 467
22 433
99 403
35 524
199 421
116 576
120 483
179 459
169 509
115 431
174 478
139 553
106 578
96 613
105 454
105 536
9 499
155 538
93 578
150 528
81 485
54 623
176 467
89 543
92 557
26 647
7 563
197 568
127 580
29 605
137 510
143 565
69 538
180 580
121 629
188 675
146 644
178 506
162 511
16 528
24 696
167 559
167 695
112 730
140 603
53 608
195 643
125 673
79 591
204 700
65 583
33 698
12 562
117 566
64 702
195 619
160 738
36 733
146 712
118 699
168 739
142 691
191 625
105 773
103 798
166 694
62 785
159 701
86 818
107 803
112 744
64 654
57 667
111 672
84 782
134 828
132 807
179 787
105 843
145 790
118 749
82 672
173 864
60 734
16 830
82 765
155 704
