44 107
175 77
168 144
164 60
54 185
149 28
12 164
0 189
92 68
154 18
80 66
176 184
138 92
193 57
169 76
174 45
80 80
101 151
121 38
83 20
141 100
0 44
113 68
81 33
85 123
3 96
26 27
10 156
165 24
46 156
70 92
49 1
180 136
102 103
107 102
88 58
131 178
13 0
57 53
94 13
191 151
6 39
100 162
165 13
37 164
37 92
155 177
70 51
64 54
87 112
75 131
153 74
127 158
94 157
85 47
117 103
184 121
62 71
142 103
16 109
43 160
105 188
130 172
122 81
115 106
189 134
87 198
95 62
35 46
40 113
193 16
183 129
89 21
54 102
141 117
166 138
52 12
25 166
78 113
15 189
165 166
39 5
132 49
116 187
97 198
83 129
32 79
141 171
6 118
10 66
165 78
33 117
45 63
80 80
149 120
67 15
14 44
119 40
62 105
167 96
173 44
29 102
127 121
17 87
25 176
38 0
154 132
108 98
33 189
150 155
67 138
138 61
63 167
114 122
174 90
52 53
69 2
192 140
125 121
155 46
89 167
150 24
42 199
162 80
46 178
91 43
31 128
83 33
16 6
26 93
3 122
146 2
71 30
40 70
14 106
80 72
127 79
31 29
30 153
46 168
147 89
6 36
124 73
123 178
85 33
23 136
43 26
115 182
117 196
159 61
121 199
51 90
49 160
122 63
111 170
111 113
169 194
26 47
15 78
124 179
191 181
136 136
73 188
146 154
75 156
59 7
16 173
38 107
114 159
55 75
195 144
113 59
109 60
125 107
10 100
75 189
131 12
143 83
6 160
140 6
28 19
43 14
92 149
99 131
127 136
66 65
135 27
175 115
107 32
153 160
182 196
96 194
99 6
24 191
70 156
66 137
39 119
156 167
90 160
143 113
