88 95
160 102
184 144
125 77
3 149
88 170
32 164
158 197
120 132
146 61
6 191
90 167
18 153
56 171
113 72
22 194
45 56
144 142
107 131
70 160
36 104
179 90
178 33
146 95
177 20
108 144
98 102
130 183
157 145
83 74
89 154
178 173
11 13
23 39
155 6
145 151
35 121
19 151
50 151
77 133
57 22
20 113
140 183
26 110
30 15
82 171
41 88
26 57
79 168
32 77
124 24
66 108
108 10
163 89
126 83
198 194
190 91
62 127
167 96
123 67
63 81
31 179
155 39
106 60
169 59
121 145
43 38
81 198
191 175
156 149
168 49
189 42
18 33
120 16
24 7
39 152
167 110
125 23
114 108
67 172
132 182
106 185
72 4
110 48
106 122
4 189
129 21
7 137
195 126
197 149
149 182
55 53
168 66
21 55
57 79
34 159
188 39
6 89
79 157
165 0
63 28
88 125
163 72
36 185
131 138
193 195
74 62
124 122
55 91
50 50
164 140
94 130
139 66
169 7
37 118
46 160
134 175
151 99
113 186
32 76
148 136
112 0
176 92
139 168
13 152
99 8
20 69
62 19
156 85
71 120
77 144
18 38
108 130
109 195
163 74
19 21
53 140
169 17
67 182
34 172
199 106
113 157
55 173
23 153
168 179
166 4
43 37
19 0
87 158
126 60
82 97
81 197
129 176
52 132
144 166
109 96
116 195
49 178
175 142
171 130
50 60
80 114
44 75
134 6
43 146
24 62
59 152
95 125
136 86
148 20
155 101
143 69
89 114
131 103
100 53
54 172
63 93
148 110
173 139
83 139
9 52
81 143
21 178
59 183
180 166
40 156
162 90
95 84
148 136
42 23
122 17
6 144
19 46
143 102
162 113
46 0
50 87
62 0
17 18
172 155
